
       0      -0.257
    0    0    0    0    0    0    0    0    0    0    0    0    0
    0    0    0    0    0    0    0    0    0    0    0    0    0
    0    0    0    0    0    0    0    0    0    0    0    0    0
    0    0    0    0    0    0    0    0    0    0    0    0    0


   0.18820E-01   0.00000E+00   0.17867E-01   0.00000E+00   0.14778E-02   0.00000E+00   0.33757E-03   0.00000E+00   0.22901E-02   0.00000E+00   0.35318E-02   0.51130E-02   0.37607E-03
   0.00000E+00   0.11819E-02   0.30230E-02   0.00000E+00   0.00000E+00   0.53141E-03   0.19536E-03   0.00000E+00   0.00000E+00   0.19827E-02  -0.43116E-19   0.59121E-02   0.00000E+00
  -0.11947E-17   0.60555E-02   0.56016E-01   0.10087E-01   0.00000E+00   0.00000E+00   0.00000E+00   0.13625E-02   0.00000E+00   0.14933E-02   0.00000E+00   0.51941E-01   0.10673E-01
   0.00000E+00  -0.89297E-18   0.13194E+00   0.00000E+00   0.37476E-02   0.00000E+00   0.23709E-01   0.00000E+00   0.16029E-01   0.00000E+00   0.45850E-01   0.00000E+00   0.00000E+00
   0.00000E+00   0.41317E-02   0.17603E-01  -0.59839E-19  -0.17407E-19   0.00000E+00   0.46448E-03   0.53374E-03   0.00000E+00   0.64948E-03   0.00000E+00   0.98492E-02   0.11167E-02
  -0.15802E-18   0.00000E+00   0.21198E-01   0.17914E-02   0.00000E+00   0.00000E+00   0.00000E+00   0.00000E+00   0.00000E+00   0.13449E-02   0.00000E+00   0.11917E-01   0.17983E-02
   0.30660E-03   0.00000E+00   0.51492E-02   0.00000E+00   0.97003E-04   0.00000E+00   0.48525E-03   0.00000E+00   0.12109E-02  -0.22370E-19   0.36324E-03   0.00000E+00   0.31192E-03
   0.70273E-03   0.23962E-03   0.00000E+00   0.22899E-03   0.00000E+00   0.00000E+00   0.13412E-03  -0.11197E-19   0.00000E+00   0.83114E-03   0.36041E-03   0.50057E-03   0.00000E+00
   0.00000E+00  -0.64275E-20   0.00000E+00   0.42067E-02   0.00000E+00   0.00000E+00   0.17786E-05   0.00000E+00   0.00000E+00   0.00000E+00   0.00000E+00   0.00000E+00   0.00000E+00
  -0.10235E-18   0.00000E+00   0.00000E+00   0.00000E+00   0.00000E+00   0.00000E+00   0.84858E-02   0.00000E+00   0.00000E+00   0.00000E+00   0.00000E+00   0.00000E+00  -0.53510E-19
   0.48090E-02   0.00000E+00   0.00000E+00   0.24467E-03   0.84824E-04   0.00000E+00  -0.75901E-20   0.00000E+00   0.00000E+00   0.10560E-02   0.14480E-02   0.00000E+00   0.00000E+00
   0.00000E+00   0.00000E+00   0.13295E-01   0.54524E-01  -0.14977E-18   0.00000E+00   0.00000E+00   0.00000E+00   0.98869E-01   0.46484E-01   0.14714E-01  -0.16484E-18   0.00000E+00
   0.00000E+00   0.00000E+00   0.42594E-02   0.00000E+00   0.00000E+00   0.00000E+00   0.10187E-01   0.00000E+00   0.40884E-01   0.89613E-01   0.13194E-02   0.44942E-02   0.00000E+00
   0.00000E+00  -0.24023E-19  -0.18456E-18   0.00000E+00   0.00000E+00   0.00000E+00   0.00000E+00  -0.80624E-19   0.57244E-01   0.00000E+00   0.00000E+00  -0.19936E-17   0.00000E+00
  -0.99457E-18   0.16534E-01   0.00000E+00   0.15700E-01  -0.14144E-19   0.00000E+00   0.00000E+00   0.59964E-02   0.37873E-01   0.60361E-01   0.00000E+00   0.93460E-01   0.00000E+00
   0.21994E-01  -0.20238E-18   0.47912E-02  -0.10309E-19   0.00000E+00   0.00000E+00   0.00000E+00   0.10591E-02  -0.25756E-18   0.63761E-01   0.64597E-03   0.10277E+00   0.00000E+00
   0.77652E-02  -0.22368E-19   0.62161E-02   0.16208E-01   0.00000E+00   0.21837E-02   0.00000E+00   0.00000E+00   0.37156E-01   0.18908E-01   0.24605E-02   0.00000E+00   0.11505E-02
   0.00000E+00   0.00000E+00   0.20313E-01   0.15755E-01   0.00000E+00   0.00000E+00   0.64271E-01   0.37294E-02   0.79472E-01   0.00000E+00   0.37469E-01   0.00000E+00   0.00000E+00
   0.26711E-03   0.00000E+00   0.70045E-03   0.00000E+00   0.00000E+00   0.00000E+00   0.00000E+00   0.00000E+00   0.99823E-03   0.46541E-03   0.00000E+00   0.14864E-02   0.65216E-03
   0.00000E+00   0.00000E+00   0.00000E+00   0.13215E-02   0.00000E+00  -0.49118E-17  -0.40795E-19   0.00000E+00   0.00000E+00  -0.20593E-17   0.00000E+00   0.00000E+00   0.27494E+00
  -0.35853E-17   0.10424E-03   0.36201E-02   0.37207E-03   0.00000E+00   0.00000E+00   0.00000E+00   0.00000E+00   0.00000E+00   0.00000E+00   0.36266E-03   0.00000E+00   0.47824E-01
   0.00000E+00   0.00000E+00  -0.69632E-18   0.43026E-03   0.00000E+00   0.00000E+00   0.00000E+00   0.00000E+00  -0.40755E-18   0.00000E+00   0.00000E+00   0.00000E+00   0.12918E+00
   0.26238E-01   0.72767E-02   0.15640E-01   0.00000E+00   0.00000E+00   0.00000E+00   0.00000E+00   0.00000E+00   0.00000E+00   0.41551E-02   0.00000E+00   0.41774E-01  -0.81667E-19
   0.27143E-01   0.29176E-01   0.00000E+00   0.17218E-01   0.00000E+00   0.00000E+00   0.00000E+00   0.00000E+00   0.91089E-02   0.26825E-02   0.49948E-01   0.58617E-01   0.00000E+00
   0.35932E-02   0.54413E-02   0.00000E+00   0.27683E-02   0.00000E+00   0.00000E+00   0.00000E+00   0.00000E+00   0.17337E-02   0.61150E-03   0.88602E-02   0.79022E-02   0.00000E+00
   0.64395E-03   0.98620E-03   0.00000E+00   0.48181E-03   0.00000E+00   0.00000E+00   0.93893E-05   0.00000E+00   0.19178E-03   0.19015E-03   0.17599E-02   0.17822E-02   0.00000E+00
  -0.34424E-19   0.94594E-02   0.00000E+00   0.11023E-01  -0.11453E-18  -0.20928E-19   0.00000E+00   0.00000E+00   0.42880E-02   0.00000E+00   0.12193E-01   0.41693E-02   0.00000E+00
   0.41414E-03   0.65015E-02   0.00000E+00   0.39364E-02   0.00000E+00  -0.10717E-19  -0.91846E-20   0.00000E+00   0.17608E-02   0.00000E+00   0.99877E-02   0.62371E-02  -0.11703E-19
   0.00000E+00   0.00000E+00   0.00000E+00   0.00000E+00   0.00000E+00   0.29561E-03   0.19300E-03   0.91953E-03   0.00000E+00   0.00000E+00   0.17343E-02   0.71331E-02   0.18872E-02
  -0.37019E-19   0.43863E-02   0.00000E+00   0.00000E+00   0.00000E+00   0.00000E+00   0.00000E+00   0.00000E+00   0.00000E+00   0.00000E+00   0.27888E-02   0.84502E-03   0.84155E-03
   0.00000E+00   0.00000E+00   0.00000E+00   0.00000E+00   0.69500E+02   0.00000E+00   0.00000E+00   0.00000E+00   0.00000E+00  -0.51825E-18   0.00000E+00  -0.28461E-16   0.00000E+00
   0.00000E+00  -0.62686E-17   0.00000E+00   0.00000E+00   0.00000E+00   0.44482E+01  -0.71897E-17   0.00000E+00   0.00000E+00   0.00000E+00   0.00000E+00   0.00000E+00  -0.57855E-16
   0.41468E-01   0.00000E+00   0.41095E-01   0.75649E-02  -0.25157E-17  -0.18500E-17   0.25466E-02  -0.87262E-18   0.00000E+00   0.00000E+00   0.00000E+00  -0.10090E-17   0.91051E-01
   0.00000E+00   0.00000E+00   0.00000E+00   0.10690E-01   0.00000E+00   0.00000E+00   0.00000E+00   0.00000E+00   0.00000E+00   0.28152E+00   0.00000E+00   0.00000E+00   0.60071E+00
  -0.13961E-16   0.11676E+00   0.00000E+00   0.23960E-01  -0.16384E-17   0.00000E+00   0.00000E+00   0.00000E+00   0.00000E+00   0.24375E+00   0.13449E+00   0.00000E+00   0.16491E+00
   0.00000E+00   0.00000E+00   0.12588E-01   0.11883E-01   0.00000E+00   0.00000E+00   0.00000E+00   0.00000E+00   0.00000E+00   0.00000E+00   0.77881E-02   0.00000E+00   0.00000E+00
   0.00000E+00   0.00000E+00   0.23783E-01   0.36141E-01   0.00000E+00   0.00000E+00   0.00000E+00   0.00000E+00   0.00000E+00   0.00000E+00   0.24343E-01   0.00000E+00   0.00000E+00
   0.00000E+00   0.86393E-04   0.00000E+00   0.36593E-04   0.00000E+00   0.00000E+00   0.00000E+00   0.00000E+00   0.00000E+00   0.59085E-04   0.32228E-03   0.00000E+00   0.17166E-04
   0.13170E-01   0.00000E+00   0.37550E-01  -0.30448E-18   0.00000E+00   0.00000E+00   0.18641E-01  -0.86586E-18   0.00000E+00   0.00000E+00   0.00000E+00   0.00000E+00   0.14309E-01
   0.00000E+00   0.14270E-03   0.11095E-03   0.66903E-04   0.00000E+00   0.75351E-05   0.26920E-05   0.10562E-03   0.00000E+00   0.00000E+00   0.59876E-03   0.00000E+00   0.00000E+00
   0.14694E-01   0.78010E-02   0.63521E-02   0.00000E+00   0.00000E+00   0.43973E-02   0.00000E+00  -0.36396E-18   0.00000E+00   0.29184E-01   0.00000E+00   0.44749E-01  -0.37844E-18
   0.35913E-01   0.00000E+00   0.00000E+00   0.00000E+00   0.00000E+00   0.00000E+00  -0.61070E-20   0.00000E+00   0.39300E-02   0.00000E+00   0.18187E-01   0.77143E-02   0.00000E+00
   0.00000E+00   0.00000E+00   0.00000E+00   0.00000E+00  -0.37422E-18   0.00000E+00   0.00000E+00   0.13366E+00   0.00000E+00  -0.41892E-18   0.00000E+00   0.00000E+00  -0.40750E-18
   0.00000E+00   0.32544E-01   0.00000E+00   0.60036E-02   0.00000E+00   0.00000E+00   0.28149E-02   0.00000E+00   0.00000E+00   0.39491E-01   0.00000E+00   0.00000E+00   0.00000E+00
   0.10000E+01   0.10000E+01   0.10000E+01   0.10000E+01   0.10000E+01   0.10000E+01   0.10000E+01   0.10000E+01   0.10000E+01   0.10000E+01   0.10000E+01   0.10000E+01   0.10000E+01

   0.41626E-01   0.10209E-01   0.28388E-01   0.76846E-02   0.83193E-02   0.84383E-02   0.86718E-02   0.75371E-02   0.19047E-01   0.19590E-01   0.18972E-01   0.27906E-01   0.15351E-01
   0.41714E-02   0.42877E-02   0.48219E-02   0.15025E-02   0.10319E-02   0.36075E-02   0.16124E-02   0.17293E-02   0.21395E-02   0.68940E-02   0.13630E-02   0.10475E-01   0.93866E-03
   0.26685E-01   0.23631E-01   0.79635E-01   0.26187E-01   0.10008E-01   0.17854E-01   0.36275E-02   0.23877E-01   0.26414E-01   0.39639E-01   0.54617E-02   0.95053E-01   0.41677E-01
   0.41700E-01   0.16584E-01   0.17645E+00   0.11965E-01   0.25717E-01   0.12010E-01   0.54419E-01   0.41087E-01   0.89297E-01   0.46976E-01   0.93038E-01   0.46052E-01   0.43460E-01
   0.80913E-02   0.11981E-01   0.24840E-01   0.30863E-02   0.24855E-02   0.60575E-02   0.51441E-02   0.76136E-02   0.67314E-02   0.12347E-01   0.59695E-02   0.22043E-01   0.93684E-02
   0.88889E-02   0.61806E-02   0.29984E-01   0.87463E-02   0.36235E-02   0.62583E-02   0.44138E-02   0.75636E-02   0.76641E-02   0.14435E-01   0.56617E-02   0.25837E-01   0.11814E-01
   0.30487E-02   0.69186E-03   0.71297E-02   0.96896E-03   0.98845E-03   0.48516E-03   0.19052E-02   0.15609E-02   0.39261E-02   0.13750E-02   0.21828E-02   0.21037E-02   0.24255E-02
   0.16119E-02   0.98359E-03   0.28859E-03   0.64268E-03   0.24442E-03   0.49692E-03   0.42762E-03   0.23150E-03   0.22968E-03   0.16371E-02   0.10464E-02   0.12800E-02   0.40233E-03
   0.82363E-03   0.34305E-03   0.33456E-03   0.52558E-02   0.10250E-03   0.13813E-03   0.14453E-02   0.87567E-04   0.67751E-03   0.18637E-03   0.12361E-03   0.74434E-03   0.26811E-03
   0.10785E-02   0.13751E-02   0.48018E-03   0.59305E-03   0.39377E-03   0.93087E-03   0.10471E-01   0.38214E-03   0.12419E-02   0.74069E-03   0.69001E-03   0.81762E-03   0.93646E-03
   0.76460E-02   0.22058E-02   0.11606E-03   0.97441E-03   0.10118E-02   0.12119E-02   0.35513E-03   0.77486E-03   0.10992E-02   0.30096E-02   0.36986E-02   0.15170E-02   0.57446E-03
   0.63756E-01   0.36058E-02   0.42689E-01   0.94291E-01   0.11486E-01   0.25145E-01   0.30465E-01   0.73846E-02   0.17154E+00   0.11685E+00   0.62348E-01   0.40762E-01   0.29788E-01
   0.70255E-02   0.51981E-02   0.14579E-01   0.56860E-02   0.11036E-01   0.18282E-01   0.20945E-01   0.60149E-02   0.70640E-01   0.13487E+00   0.29985E-01   0.46983E-01   0.68617E-02
   0.25919E-01   0.26191E-02   0.59822E-02   0.60792E-02   0.13831E-02   0.56576E-02   0.20438E-02   0.32721E-02   0.81904E-01   0.18585E-01   0.96657E-02   0.16346E-01   0.82608E-02
   0.24725E-01   0.36715E-01   0.33274E-02   0.31346E-01   0.95759E-02   0.27484E-01   0.10978E-01   0.25842E-01   0.77467E-01   0.12326E+00   0.58146E-02   0.14685E+00   0.24208E-01
   0.79026E-01   0.18600E-01   0.16515E-01   0.60678E-02   0.13853E-01   0.15122E-01   0.37217E-02   0.20058E-01   0.16714E-01   0.12873E+00   0.31040E-01   0.15857E+00   0.26758E-01
   0.49668E-01   0.98340E-02   0.23005E-01   0.36054E-01   0.65373E-02   0.23931E-01   0.12025E-01   0.63964E-02   0.76467E-01   0.58322E-01   0.28742E-01   0.28582E-01   0.25468E-01
   0.17810E-01   0.28231E-01   0.65229E-01   0.72175E-01   0.10072E-01   0.99170E-02   0.11113E+00   0.39180E-01   0.16234E+00   0.63008E-01   0.96285E-01   0.85152E-02   0.66096E-02
   0.20652E-02   0.19754E-03   0.16573E-02   0.92654E-04   0.10724E-03   0.92871E-03   0.46727E-03   0.23912E-03   0.28154E-02   0.20899E-02   0.23406E-03   0.34033E-02   0.20217E-02
   0.15501E+00   0.49234E-01   0.71182E-01   0.51014E-01   0.68764E-01   0.94027E-01   0.26036E-01   0.74218E-01   0.45886E-01   0.77013E-01   0.88893E-01   0.70013E-01   0.39534E+00
   0.26773E-01   0.13345E-01   0.21501E-01   0.13442E-01   0.12847E-01   0.18353E-01   0.79713E-02   0.14018E-01   0.13965E-01   0.17165E-01   0.23903E-01   0.11636E-01   0.72348E-01
   0.76463E-01   0.21157E-01   0.28993E-01   0.22614E-01   0.30665E-01   0.51094E-01   0.11263E-01   0.32948E-01   0.19388E-01   0.50365E-01   0.33181E-01   0.27137E-01   0.18673E+00
   0.98915E-01   0.48612E-01   0.50345E-01   0.80674E-02   0.82975E-02   0.40043E-01   0.75987E-02   0.72537E-02   0.31977E-01   0.63037E-01   0.16276E-01   0.10360E+00   0.26092E-01
   0.79244E-01   0.68731E-01   0.75666E-02   0.32420E-01   0.13912E-01   0.25286E-01   0.92554E-02   0.17213E-01   0.39403E-01   0.37311E-01   0.88088E-01   0.10118E+00   0.16311E-01
   0.11897E-01   0.12053E-01   0.11619E-02   0.52391E-02   0.24400E-02   0.34961E-02   0.14167E-02   0.30175E-02   0.65213E-02   0.58348E-02   0.14936E-01   0.14732E-01   0.23274E-02
   0.24610E-02   0.26223E-02   0.25998E-03   0.12201E-02   0.51622E-03   0.72174E-03   0.53522E-03   0.76852E-03   0.15089E-02   0.17115E-02   0.32273E-02   0.34982E-02   0.91940E-03
   0.74832E-02   0.18211E-01   0.12577E-02   0.15816E-01   0.27007E-02   0.36446E-02   0.25479E-02   0.46752E-02   0.12400E-01   0.15550E-02   0.19981E-01   0.14380E-01   0.16374E-02
   0.89892E-02   0.13430E-01   0.65797E-03   0.66366E-02   0.24660E-02   0.32985E-02   0.14893E-02   0.36639E-02   0.66858E-02   0.38217E-02   0.16468E-01   0.14056E-01   0.17749E-02
   0.53381E-03   0.19215E-03   0.54217E-03   0.41532E-03   0.65799E-03   0.34101E-02   0.93029E-03   0.27852E-02   0.16074E-02   0.51586E-03   0.43889E-02   0.10520E-01   0.48186E-02
   0.27438E-02   0.84645E-02   0.10245E-02   0.11154E-03   0.16396E-02   0.24634E-02   0.87192E-04   0.20603E-02   0.25397E-03   0.30761E-02   0.63539E-02   0.48739E-02   0.30629E-02
   0.38152E+01   0.32149E+01   0.54454E+01   0.23787E+01   0.84026E+02   0.91128E+01   0.23200E+01   0.68307E+01   0.34186E+01   0.74798E+01   0.72120E+01   0.47730E+01   0.61466E+01
   0.23343E+00   0.17652E+00   0.42176E+00   0.21917E+00   0.20985E+00   0.54121E+01   0.16117E+00   0.49996E+00   0.24804E+00   0.44928E+00   0.64025E+00   0.25897E+00   0.50202E+00
   0.12842E+00   0.38428E-01   0.93317E-01   0.42211E-01   0.26089E-01   0.37466E-01   0.28392E-01   0.23371E-01   0.96006E-02   0.16412E-01   0.85047E-02   0.38446E-01   0.16280E+00
   0.84499E+00   0.41547E+00   0.36588E+00   0.48246E+00   0.27448E+00   0.59463E+00   0.22935E+00   0.43027E+00   0.33333E+00   0.12891E+01   0.65622E+00   0.50089E+00   0.13655E+01
   0.26574E+00   0.42102E+00   0.98577E-01   0.24962E+00   0.11782E+00   0.29886E+00   0.11607E+00   0.24534E+00   0.15078E+00   0.72582E+00   0.48604E+00   0.25154E+00   0.51185E+00
   0.40513E-02   0.44967E-02   0.21811E-01   0.23142E-01   0.24840E-02   0.53936E-02   0.65422E-02   0.66434E-02   0.42455E-02   0.30582E-02   0.16086E-01   0.71823E-02   0.88171E-02
   0.17466E-02   0.28781E-02   0.49594E-01   0.69173E-01   0.42310E-02   0.57280E-02   0.20360E-01   0.16336E-01   0.28507E-02   0.45091E-02   0.47267E-01   0.22015E-02   0.24703E-01
   0.11064E-03   0.33411E-03   0.71914E-04   0.22141E-03   0.10764E-03   0.81851E-04   0.81494E-04   0.19152E-03   0.14068E-03   0.46476E-03   0.65035E-03   0.17891E-03   0.32530E-03
   0.46481E-01   0.71657E-02   0.62762E-01   0.12515E-01   0.10554E-01   0.94873E-02   0.33200E-01   0.14331E-01   0.10871E-01   0.15000E-01   0.13762E-01   0.25952E-01   0.44292E-01
   0.16131E-03   0.42034E-03   0.31313E-03   0.28669E-03   0.16067E-03   0.29148E-03   0.15632E-03   0.39240E-03   0.14556E-03   0.25310E-03   0.10250E-02   0.30093E-03   0.17793E-03
   0.73243E-01   0.36254E-01   0.16445E-01   0.25136E-02   0.83248E-02   0.29314E-01   0.21807E-02   0.78016E-02   0.50955E-02   0.74941E-01   0.19081E-01   0.89449E-01   0.11807E-01
   0.72573E-01   0.19090E-01   0.15493E-02   0.10094E-01   0.77282E-02   0.15940E-01   0.34179E-02   0.53956E-02   0.21786E-01   0.10591E-01   0.43852E-01   0.37044E-01   0.28736E-02
   0.14212E-01   0.15827E-01   0.11666E-01   0.52981E-02   0.13250E-01   0.82515E-02   0.37415E-02   0.15941E+00   0.62803E-02   0.16157E-01   0.10897E-01   0.98133E-02   0.12355E-01
   0.12471E-01   0.55183E-01   0.93886E-03   0.11252E-01   0.58877E-02   0.22730E-01   0.79304E-02   0.10885E-01   0.78270E-02   0.65870E-01   0.11941E-01   0.84804E-02   0.55432E-02
   0.10000E+01   0.10000E+01   0.10000E+01   0.10000E+01   0.10000E+01   0.10000E+01   0.10000E+01   0.10000E+01   0.10000E+01   0.10000E+01   0.10000E+01   0.10000E+01   0.10000E+01

   0.15032   0.00000   0.14194   0.00000   0.01170   0.00000   0.00267   0.00000   0.01817   0.00000   0.02809   0.04029   0.00299
   0.00000   0.04548   0.11618   0.00000   0.00000   0.02035   0.00748   0.00000   0.00000   0.07561  -0.00000   0.22749   0.00000
  -0.00000   0.02379   0.22108   0.03964   0.00000   0.00000   0.00000   0.00534   0.00000   0.00585   0.00000   0.20427   0.04198
   0.00000   0.00000   0.32897   0.00000   0.00928   0.00000   0.05870   0.00000   0.03975   0.00000   0.11350   0.00000   0.00000
   0.00000   0.05710   0.24356   0.00000   0.00000   0.00000   0.00639   0.00733   0.00000   0.00892   0.00000   0.13577   0.01541
  -0.00000   0.00000   0.26556   0.02231   0.00000   0.00000   0.00000   0.00000   0.00000   0.01673   0.00000   0.14864   0.02246
   0.01814   0.00000   0.30651   0.00000   0.00574   0.00000   0.02879   0.00000   0.07184  -0.00000   0.02154   0.00000   0.01849
   0.12306   0.04207   0.00000   0.04017   0.00000   0.00000   0.02345  -0.00000   0.00000   0.14519   0.06325   0.08755   0.00000
   0.00000   0.00000   0.00000   0.65746   0.00000   0.00000   0.00028   0.00000   0.00000   0.00000   0.00000   0.00000   0.00000
   0.00000   0.00000   0.00000   0.00000   0.00000   0.00000   0.79540   0.00000   0.00000   0.00000   0.00000   0.00000  -0.00000
   0.35702   0.00000   0.00000   0.01797   0.00623   0.00000   0.00000   0.00000   0.00000   0.07765   0.10648   0.00000   0.00000
   0.00000   0.00000   0.03186   0.13094   0.00000   0.00000   0.00000   0.00000   0.23827   0.11122   0.03525   0.00000   0.00000
   0.00000   0.00000   0.01756   0.00000   0.00000   0.00000   0.04202   0.00000   0.16830   0.37094   0.00543   0.01842   0.00000
   0.00000  -0.00000  -0.00000   0.00000   0.00000   0.00000   0.00000   0.00000   0.60539   0.00000   0.00000  -0.00000   0.00000
  -0.00000   0.04595   0.00000   0.04352   0.00000   0.00000   0.00000   0.01662   0.10534   0.16757   0.00000   0.26046   0.00000
   0.06576  -0.00000   0.01433   0.00000   0.00000   0.00000   0.00000   0.00316  -0.00000   0.19074   0.00193   0.30887   0.00000
   0.03626   0.00000   0.02892   0.07539   0.00000   0.01015   0.00000   0.00000   0.17330   0.08747   0.01148   0.00000   0.00538
   0.00000   0.00000   0.05006   0.03834   0.00000   0.00000   0.15894   0.00911   0.19443   0.00000   0.09186   0.00000   0.00000
   0.02782   0.00000   0.07340   0.00000   0.00000   0.00000   0.00000   0.00000   0.10546   0.04860   0.00000   0.15611   0.06883
   0.00000   0.00000   0.00000   0.00231   0.00000   0.00000  -0.00000   0.00000   0.00000  -0.00000   0.00000   0.00000   0.48925
  -0.00000   0.00085   0.02943   0.00302   0.00000   0.00000   0.00000   0.00000   0.00000   0.00000   0.00295   0.00000   0.39634
   0.00000   0.00000   0.00000   0.00156   0.00000   0.00000   0.00000   0.00000  -0.00000   0.00000   0.00000   0.00000   0.47739
   0.10128   0.02864   0.06208   0.00000   0.00000   0.00000   0.00000   0.00000   0.00000   0.01596   0.00000   0.16268  -0.00000
   0.08146   0.08735   0.00000   0.05155   0.00000   0.00000   0.00000   0.00000   0.02731   0.00800   0.15003   0.17591   0.00000
   0.06835   0.10342   0.00000   0.05257   0.00000   0.00000   0.00000   0.00000   0.03297   0.01158   0.16872   0.15041   0.00000
   0.05436   0.08352   0.00000   0.04064   0.00000   0.00000   0.00079   0.00000   0.01619   0.01597   0.14924   0.15052   0.00000
  -0.00000   0.15021   0.00000   0.17423  -0.00000   0.00000   0.00000   0.00000   0.06774   0.00000   0.19295   0.06604   0.00000
   0.00845   0.13310   0.00000   0.08041   0.00000  -0.00000  -0.00000   0.00000   0.03598   0.00000   0.20478   0.12785  -0.00000
   0.00000   0.00000   0.00000   0.00000   0.00000   0.01496   0.00977   0.04646   0.00000   0.00000   0.08804   0.36330   0.09624
   0.00000   0.22583   0.00000   0.00000   0.00000   0.00000   0.00000   0.00000   0.00000   0.00000   0.14348   0.04339   0.04318
   0.00000   0.00000   0.00000   0.00000   0.84595   0.00000   0.00000   0.00000   0.00000  -0.00000   0.00000  -0.00000   0.00000
   0.00000   0.00000   0.00000   0.00000   0.00000   0.81270   0.00000   0.00000   0.00000   0.00000   0.00000   0.00000   0.00000
   0.11806   0.00000   0.11757   0.02153   0.00000  -0.00000   0.00726  -0.00000   0.00000   0.00000   0.00000   0.00000   0.26120
   0.00000   0.00000   0.00000   0.00319   0.00000   0.00000   0.00000   0.00000   0.00000   0.08345   0.00000   0.00000   0.18100
  -0.00000   0.06278   0.00000   0.01292  -0.00000   0.00000   0.00000   0.00000   0.00000   0.13109   0.07276   0.00000   0.08950
   0.00000   0.00000   0.20843   0.19552   0.00000   0.00000   0.00000   0.00000   0.00000   0.00000   0.12788   0.00000   0.00000
   0.00000   0.00000   0.16100   0.24607   0.00000   0.00000   0.00000   0.00000   0.00000   0.00000   0.16414   0.00000   0.00000
   0.00000   0.06217   0.00000   0.02634   0.00000   0.00000   0.00000   0.00000   0.00000   0.04203   0.23303   0.00000   0.01244
   0.08187   0.00000   0.23578  -0.00000   0.00000   0.00000   0.11692   0.00000   0.00000   0.00000   0.00000   0.00000   0.09009
   0.00000   0.06772   0.05265   0.03173   0.00000   0.00356   0.00127   0.04991   0.00000   0.00000   0.29128   0.00000   0.00000
   0.06733   0.03524   0.02893   0.00000   0.00000   0.01994   0.00000  -0.00000   0.00000   0.13166   0.00000   0.20192   0.00000
   0.25581   0.00000   0.00000   0.00000   0.00000   0.00000   0.00000   0.00000   0.02741   0.00000   0.12798   0.05343   0.00000
   0.00000   0.00000   0.00000   0.00000  -0.00000   0.00000   0.00000   0.78119   0.00000  -0.00000   0.00000   0.00000  -0.00000
   0.00000   0.26275   0.00000   0.04827   0.00000   0.00000   0.02263   0.00000   0.00000   0.31761   0.00000   0.00000   0.00000
   1.00000   1.00000   1.00000   1.00000   1.00000   1.00000   1.00000   1.00000   1.00000   1.00000   1.00000   1.00000   1.00000

   0.32653   0.08047   0.22364   0.06073   0.06554   0.06658   0.06837   0.05968   0.15001   0.15553   0.14893   0.22109   0.12073
   0.15961   0.16295   0.18362   0.05735   0.03944   0.13734   0.06155   0.06603   0.08177   0.26357   0.05193   0.39727   0.03578
   0.10442   0.09249   0.31117   0.10242   0.03923   0.07001   0.01421   0.09358   0.10346   0.15554   0.02142   0.37126   0.16304
   0.10307   0.04093   0.43408   0.02964   0.06354   0.02972   0.13429   0.10159   0.21983   0.11627   0.22958   0.11407   0.10701
   0.11114   0.16428   0.34055   0.04238   0.03414   0.08322   0.07057   0.10470   0.09252   0.16995   0.08202   0.30212   0.12839
   0.11049   0.07660   0.37135   0.10850   0.04504   0.07772   0.05479   0.09407   0.09530   0.17949   0.07036   0.32033   0.14643
   0.18036   0.04088   0.42036   0.05747   0.05844   0.02873   0.11248   0.09243   0.23177   0.08153   0.12903   0.12443   0.14312
   0.28116   0.17099   0.05034   0.11185   0.04273   0.08665   0.07466   0.04041   0.04013   0.28570   0.18206   0.22345   0.07001
   0.12760   0.05332   0.05172   0.81593   0.01582   0.02143   0.22267   0.01355   0.10535   0.02884   0.01913   0.11570   0.04134
   0.09768   0.12442   0.04334   0.05339   0.03559   0.08407   0.93153   0.03455   0.11206   0.06691   0.06231   0.07377   0.08455
   0.55830   0.16269   0.00853   0.07164   0.07429   0.08898   0.02608   0.05709   0.08100   0.22142   0.27242   0.11145   0.04206
   0.15228   0.00864   0.10193   0.22470   0.02747   0.06017   0.07296   0.01769   0.40802   0.27949   0.14880   0.09760   0.07109
   0.02883   0.02141   0.05991   0.02337   0.04521   0.07512   0.08573   0.02461   0.29026   0.55145   0.12278   0.19326   0.02817
   0.27263   0.02755   0.06294   0.06395   0.01456   0.05957   0.02152   0.03445   0.85664   0.19577   0.10169   0.17212   0.08694
   0.06860   0.10160   0.00923   0.08688   0.02654   0.07617   0.03043   0.07159   0.21400   0.34148   0.01614   0.40515   0.06703
   0.23602   0.05551   0.04931   0.01811   0.04136   0.04521   0.01112   0.05994   0.04989   0.38368   0.09262   0.47252   0.07990
   0.22920   0.04551   0.10645   0.16686   0.03033   0.11115   0.05565   0.02968   0.35346   0.27148   0.13267   0.13309   0.11741
   0.04339   0.06865   0.15731   0.17632   0.02446   0.02413   0.26795   0.09480   0.39326   0.15381   0.23308   0.02071   0.01605
   0.21652   0.02062   0.17301   0.00967   0.01119   0.09685   0.04843   0.02502   0.29161   0.21862   0.02445   0.35501   0.20981
   0.26894   0.08583   0.12409   0.08871   0.11960   0.16365   0.04538   0.12927   0.07993   0.13431   0.15512   0.12212   0.68244
   0.21564   0.10793   0.17358   0.10860   0.10372   0.14821   0.06451   0.11334   0.11305   0.13899   0.19359   0.09431   0.57707
   0.27631   0.07677   0.10514   0.08185   0.11088   0.18479   0.04082   0.11941   0.07032   0.18248   0.12060   0.09850   0.67019
   0.38386   0.18550   0.19070   0.03107   0.03193   0.15341   0.02925   0.02805   0.12217   0.24690   0.06283   0.39940   0.10011
   0.23646   0.20526   0.02268   0.09682   0.04159   0.07560   0.02768   0.05145   0.11752   0.11188   0.26275   0.30177   0.04873
   0.22550   0.22823   0.02208   0.09927   0.04627   0.06634   0.02688   0.05723   0.12341   0.11090   0.28281   0.27884   0.04413
   0.20709   0.21976   0.02188   0.10252   0.04343   0.06078   0.04503   0.06468   0.12674   0.14464   0.27044   0.29377   0.07723
   0.11860   0.28597   0.01983   0.24796   0.04257   0.05750   0.04015   0.07371   0.19471   0.02453   0.31440   0.22625   0.02579
   0.18384   0.27322   0.01344   0.13503   0.05027   0.06733   0.03037   0.07473   0.13603   0.07815   0.33486   0.28582   0.03620
   0.02698   0.00971   0.02743   0.02102   0.03330   0.17270   0.04702   0.14097   0.08120   0.02611   0.22208   0.52950   0.24228
   0.14063   0.43059   0.05206   0.00569   0.08373   0.12590   0.00445   0.10545   0.01296   0.15720   0.32342   0.24881   0.15594
   0.04494   0.03784   0.06399   0.02794   0.97821   0.10724   0.02721   0.08047   0.04019   0.08791   0.08488   0.05623   0.07225
   0.04167   0.03153   0.07528   0.03909   0.03748   0.96269   0.02876   0.08932   0.04428   0.08027   0.11431   0.04626   0.08959
   0.36378   0.10894   0.26458   0.11984   0.07384   0.10613   0.08058   0.06650   0.02727   0.04659   0.02413   0.10928   0.45976
   0.24868   0.12249   0.10684   0.14049   0.08076   0.17592   0.06768   0.12701   0.09846   0.38151   0.19213   0.14853   0.39792
   0.14137   0.22410   0.05232   0.13162   0.06268   0.15949   0.06204   0.13066   0.08044   0.38586   0.25737   0.13438   0.26999
   0.06579   0.07314   0.34802   0.36957   0.04030   0.08720   0.10608   0.10763   0.06903   0.04987   0.25802   0.11655   0.14282
   0.01169   0.01930   0.32431   0.45059   0.02825   0.03812   0.13598   0.10918   0.01908   0.03025   0.30924   0.01474   0.16420
   0.07860   0.23570   0.05075   0.15441   0.07625   0.05822   0.05792   0.13552   0.09972   0.33053   0.45668   0.12721   0.22761
   0.28965   0.04448   0.38838   0.07787   0.06540   0.05890   0.20428   0.08928   0.06756   0.09328   0.08457   0.16092   0.27283
   0.07633   0.19755   0.14670   0.13428   0.07553   0.13736   0.07358   0.18341   0.06872   0.12020   0.47157   0.14112   0.08398
   0.32764   0.16473   0.07408   0.01137   0.03766   0.13263   0.00987   0.03547   0.02306   0.34287   0.08572   0.40519   0.05335
   0.50572   0.13398   0.01094   0.06992   0.05438   0.11255   0.02401   0.03798   0.15324   0.07480   0.30737   0.26132   0.02019
   0.08157   0.09086   0.06677   0.03036   0.07607   0.04739   0.02145   0.90989   0.03600   0.09268   0.06255   0.05632   0.07089
   0.10034   0.44282   0.00755   0.09042   0.04734   0.18251   0.06376   0.08753   0.06281   0.52808   0.09577   0.06829   0.04445
   1.00000   1.00000   1.00000   1.00000   1.00000   1.00000   1.00000   1.00000   1.00000   1.00000   1.00000   1.00000   1.00000
