
       0      -0.257
    0    0    0    0    0    0    0    0    0    0    0    0    0
    0    0    0    0    0    0    0    0    0    0    0    0    0
    0    0    0    0    0    0    0    0    0    0    0    0    0
    0    0    0    0    0    0    0    0    0    0    0    0    0


   0.24501E-01   0.00000E+00   0.20104E-01   0.19426E-03   0.32402E-02   0.00000E+00   0.24235E-02   0.30806E-03   0.62744E-02   0.40688E-02   0.71835E-02   0.10740E-01   0.40246E-02
   0.36253E-03   0.18516E-02   0.34039E-02   0.19750E-03   0.00000E+00   0.12239E-02   0.55009E-03   0.16504E-03   0.00000E+00   0.34775E-02  -0.43116E-19   0.70211E-02   0.00000E+00
   0.00000E+00   0.10135E-01   0.60738E-01   0.14263E-01   0.00000E+00   0.00000E+00   0.00000E+00   0.69988E-02   0.21704E-02   0.10543E-01   0.00000E+00   0.62545E-01   0.17133E-01
   0.00000E+00  -0.89297E-18   0.14067E+00   0.00000E+00   0.88817E-02   0.00000E+00   0.31729E-01   0.31305E-02   0.32670E-01   0.00000E+00   0.56567E-01   0.00000E+00   0.91666E-02
   0.00000E+00   0.59290E-02   0.19050E-01  -0.59839E-19   0.00000E+00   0.58012E-04   0.17969E-02   0.23840E-02   0.00000E+00   0.33336E-02   0.75265E-03   0.12734E-01   0.31936E-02
   0.00000E+00   0.83497E-03   0.22963E-01   0.34347E-02   0.24901E-03   0.00000E+00   0.00000E+00   0.15154E-02   0.00000E+00   0.43205E-02   0.00000E+00   0.15279E-01   0.43000E-02
   0.89767E-03   0.00000E+00   0.55162E-02   0.00000E+00   0.28404E-03   0.00000E+00   0.85246E-03   0.27654E-03   0.18671E-02  -0.22370E-19   0.77953E-03   0.00000E+00   0.10348E-02
   0.92247E-03   0.38595E-03   0.29982E-04   0.33169E-03   0.21477E-04   0.54452E-04   0.20535E-03  -0.11197E-19   0.00000E+00   0.10101E-02   0.50230E-03   0.67599E-03   0.47269E-05
   0.52457E-04   0.00000E+00   0.76535E-04   0.44816E-02   0.00000E+00   0.00000E+00   0.37666E-03   0.00000E+00   0.00000E+00   0.00000E+00   0.00000E+00   0.90676E-04   0.00000E+00
   0.00000E+00   0.00000E+00   0.00000E+00   0.51855E-04   0.00000E+00   0.00000E+00   0.87908E-02   0.00000E+00   0.00000E+00   0.00000E+00   0.00000E+00   0.00000E+00   0.00000E+00
   0.54683E-02   0.30672E-03   0.00000E+00   0.47154E-03   0.35908E-03   0.00000E+00  -0.75901E-20   0.54170E-04   0.80586E-04   0.15872E-02   0.19844E-02   0.00000E+00   0.00000E+00
   0.10531E-01   0.00000E+00   0.19218E-01   0.64357E-01   0.00000E+00   0.00000E+00   0.62034E-02   0.00000E+00   0.11213E+00   0.59364E-01   0.25514E-01   0.00000E+00   0.62609E-02
   0.00000E+00   0.00000E+00   0.79375E-02   0.00000E+00   0.00000E+00   0.00000E+00   0.12722E-01   0.00000E+00   0.49246E-01   0.10276E+00   0.12541E-01   0.15750E-01   0.00000E+00
   0.63670E-02   0.00000E+00  -0.18456E-18   0.62258E-03   0.00000E+00   0.00000E+00   0.00000E+00   0.00000E+00   0.61643E-01   0.00000E+00   0.00000E+00  -0.19936E-17   0.00000E+00
   0.00000E+00   0.20722E-01   0.00000E+00   0.19181E-01  -0.14144E-19   0.32729E-02   0.18135E-02   0.10481E-01   0.47015E-01   0.80252E-01   0.00000E+00   0.10588E+00   0.16653E-02
   0.35540E-01   0.00000E+00   0.74798E-02   0.00000E+00   0.00000E+00   0.00000E+00   0.00000E+00   0.49820E-02   0.00000E+00   0.82845E-01   0.64996E-02   0.11634E+00   0.45561E-02
   0.16532E-01  -0.22368E-19   0.98989E-02   0.21448E-01   0.00000E+00   0.72315E-02   0.00000E+00   0.00000E+00   0.46031E-01   0.27315E-01   0.84014E-02   0.11337E-02   0.71145E-02
   0.00000E+00   0.00000E+00   0.31421E-01   0.29240E-01   0.00000E+00   0.00000E+00   0.75778E-01   0.12073E-01   0.96636E-01   0.47769E-02   0.51049E-01   0.00000E+00   0.00000E+00
   0.66937E-03   0.00000E+00   0.91267E-03   0.00000E+00   0.00000E+00   0.77893E-04   0.00000E+00   0.00000E+00   0.14446E-02   0.80846E-03   0.00000E+00   0.19369E-02   0.93058E-03
   0.00000E+00   0.90187E-02   0.19199E-02   0.19977E-01   0.00000E+00  -0.49118E-17   0.00000E+00   0.00000E+00   0.00000E+00  -0.41958E-18   0.17869E-02   0.00000E+00   0.29722E+00
   0.00000E+00   0.31375E-02   0.67729E-02   0.40707E-02   0.00000E+00   0.00000E+00   0.00000E+00   0.00000E+00   0.50425E-03   0.00000E+00   0.48876E-02   0.00000E+00   0.52754E-01
   0.12701E-03   0.30646E-02  -0.69632E-18   0.92070E-02   0.00000E+00   0.00000E+00   0.00000E+00   0.00000E+00   0.00000E+00   0.45022E-02   0.00000E+00   0.00000E+00   0.13988E+00
   0.41778E-01   0.16715E-01   0.23906E-01   0.00000E+00   0.00000E+00   0.52002E-02   0.00000E+00   0.00000E+00   0.43014E-02   0.20775E-01   0.00000E+00   0.57686E-01   0.00000E+00
   0.36905E-01   0.37312E-01   0.57452E-03   0.21307E-01   0.00000E+00   0.15747E-02   0.34790E-03   0.00000E+00   0.16293E-01   0.10966E-01   0.57048E-01   0.67997E-01   0.14169E-02
   0.51246E-02   0.68322E-02   0.42164E-04   0.34377E-02   0.15620E-03   0.00000E+00   0.00000E+00   0.00000E+00   0.28799E-02   0.18706E-02   0.10052E-01   0.94508E-02   0.91515E-04
   0.10095E-02   0.13207E-02   0.00000E+00   0.67810E-03   0.00000E+00   0.00000E+00   0.11954E-03   0.20634E-04   0.51151E-03   0.55955E-03   0.20505E-02   0.21780E-02   0.16003E-03
  -0.34424E-19   0.11568E-01   0.00000E+00   0.12391E-01  -0.11453E-18   0.00000E+00   0.00000E+00   0.24630E-03   0.63897E-02   0.00000E+00   0.13705E-01   0.72395E-02   0.00000E+00
   0.18220E-02   0.80279E-02   0.00000E+00   0.46704E-02   0.00000E+00   0.00000E+00   0.00000E+00   0.25838E-03   0.29477E-02   0.47491E-04   0.11241E-01   0.81984E-02  -0.43690E-20
   0.00000E+00   0.00000E+00   0.00000E+00   0.00000E+00   0.00000E+00   0.11216E-02   0.37761E-03   0.13968E-02   0.00000E+00   0.00000E+00   0.22140E-02   0.79155E-02   0.24927E-02
  -0.37019E-19   0.53454E-02   0.25150E-04   0.00000E+00   0.23158E-03   0.15542E-03   0.00000E+00   0.98405E-04   0.00000E+00   0.64356E-03   0.34114E-02   0.19541E-02   0.13505E-02
   0.00000E+00   0.00000E+00   0.00000E+00   0.00000E+00   0.71127E+02   0.00000E+00   0.10769E-02   0.00000E+00   0.00000E+00  -0.51825E-18   0.00000E+00   0.00000E+00   0.00000E+00
   0.00000E+00  -0.62686E-17   0.00000E+00   0.00000E+00   0.00000E+00   0.45361E+01  -0.71897E-17   0.00000E+00   0.00000E+00   0.00000E+00   0.00000E+00   0.00000E+00  -0.57855E-16
   0.59810E-01   0.69350E-02   0.50979E-01   0.16841E-01  -0.25157E-17  -0.18500E-17   0.90175E-02  -0.87262E-18   0.00000E+00   0.00000E+00   0.00000E+00  -0.10090E-17   0.10809E+00
   0.51389E-01   0.00000E+00   0.00000E+00   0.15098E+00   0.00000E+00   0.00000E+00   0.00000E+00   0.10801E-01   0.00000E+00   0.51198E+00   0.10428E+00   0.00000E+00   0.77167E+00
   0.00000E+00   0.18251E+00   0.00000E+00   0.88794E-01   0.00000E+00   0.35793E-02   0.00000E+00   0.50029E-01   0.00000E+00   0.35801E+00   0.21684E+00   0.00000E+00   0.24448E+00
   0.00000E+00   0.00000E+00   0.14687E-01   0.14653E-01   0.00000E+00   0.00000E+00   0.00000E+00   0.10031E-02   0.00000E+00   0.00000E+00   0.96641E-02   0.84610E-03   0.13885E-02
   0.00000E+00   0.00000E+00   0.29763E-01   0.44247E-01   0.00000E+00   0.00000E+00   0.11188E-02   0.32434E-02   0.00000E+00   0.00000E+00   0.28911E-01   0.00000E+00   0.27123E-02
   0.00000E+00   0.13708E-03   0.00000E+00   0.94710E-04   0.00000E+00   0.00000E+00   0.00000E+00   0.15156E-04   0.00000E+00   0.16766E-03   0.39904E-03   0.00000E+00   0.91439E-04
   0.21023E-01   0.00000E+00   0.43034E-01   0.00000E+00   0.00000E+00   0.00000E+00   0.22750E-01  -0.86586E-18   0.00000E+00   0.00000E+00   0.00000E+00   0.27758E-02   0.22650E-01
   0.00000E+00   0.21059E-03   0.16197E-03   0.12028E-03   0.00000E+00   0.67027E-04   0.40115E-04   0.17322E-03   0.00000E+00   0.00000E+00   0.69791E-03   0.16808E-04   0.00000E+00
   0.25786E-01   0.13571E-01   0.86102E-02   0.00000E+00   0.00000E+00   0.10031E-01   0.00000E+00  -0.30314E-18   0.00000E+00   0.42221E-01   0.00000E+00   0.54678E-01  -0.37844E-18
   0.45700E-01   0.21856E-02   0.00000E+00   0.19379E-02   0.98203E-03   0.27015E-02  -0.61070E-20   0.00000E+00   0.95268E-02   0.00000E+00   0.28139E-01   0.14531E-01   0.00000E+00
   0.00000E+00   0.58095E-02   0.33207E-02   0.00000E+00   0.00000E+00   0.00000E+00   0.00000E+00   0.13752E+00   0.00000E+00  -0.41892E-18   0.00000E+00   0.00000E+00   0.00000E+00
   0.00000E+00   0.37549E-01   0.00000E+00   0.77410E-02   0.00000E+00   0.22201E-02   0.40934E-02   0.00000E+00   0.00000E+00   0.49808E-01   0.00000E+00   0.00000E+00   0.00000E+00
   0.10000E+01   0.10000E+01   0.10000E+01   0.10000E+01   0.10000E+01   0.10000E+01   0.10000E+01   0.10000E+01   0.10000E+01   0.10000E+01   0.10000E+01   0.10000E+01   0.10000E+01

   0.35595E-01   0.69557E-02   0.25305E-01   0.52814E-02   0.67260E-02   0.48874E-02   0.66876E-02   0.52339E-02   0.14832E-01   0.14425E-01   0.15023E-01   0.22065E-01   0.11357E-01
   0.30207E-02   0.34188E-02   0.43303E-02   0.10744E-02   0.64903E-03   0.28189E-02   0.12907E-02   0.12320E-02   0.14088E-02   0.57930E-02   0.73500E-03   0.93376E-02   0.28806E-03
   0.16224E-01   0.19416E-01   0.72600E-01   0.22410E-01   0.67655E-02   0.11156E-01   0.10531E-02   0.18664E-01   0.19537E-01   0.29931E-01   0.16608E-02   0.84868E-01   0.31731E-01
   0.26264E-01   0.85405E-02   0.16292E+00   0.38494E-02   0.20189E-01   0.46171E-02   0.47052E-01   0.30464E-01   0.71861E-01   0.31645E-01   0.80487E-01   0.33951E-01   0.32097E-01
   0.50837E-02   0.10005E-01   0.22657E-01   0.17160E-02   0.15173E-02   0.41249E-02   0.43494E-02   0.60233E-02   0.43851E-02   0.93422E-02   0.42078E-02   0.19154E-01   0.72535E-02
   0.56049E-02   0.44449E-02   0.27350E-01   0.71683E-02   0.25825E-02   0.41234E-02   0.30380E-02   0.57478E-02   0.47867E-02   0.11060E-01   0.36830E-02   0.22581E-01   0.92670E-02
   0.23422E-02   0.48497E-03   0.64374E-02   0.61918E-03   0.77230E-03   0.18882E-03   0.16045E-02   0.11857E-02   0.32950E-02   0.77804E-03   0.17695E-02   0.15265E-02   0.19510E-02
   0.13409E-02   0.80518E-03   0.20275E-03   0.53832E-03   0.16807E-03   0.33413E-03   0.35114E-03   0.12658E-03   0.88106E-04   0.14128E-02   0.87789E-03   0.10499E-02   0.27761E-03
   0.46900E-03   0.21655E-03   0.28198E-03   0.49894E-02   0.37765E-04   0.41109E-04   0.10829E-02   0.25699E-04   0.29469E-03   0.51082E-04   0.33270E-04   0.53431E-03   0.12332E-03
   0.59287E-03   0.10636E-02   0.23833E-03   0.48810E-03   0.25709E-03   0.69680E-03   0.96602E-02   0.14665E-03   0.73149E-03   0.34829E-03   0.31306E-03   0.51116E-03   0.65054E-03
   0.66081E-02   0.17856E-02   0.37991E-04   0.81310E-03   0.81517E-03   0.48804E-03   0.19847E-03   0.54786E-03   0.83381E-03   0.25018E-02   0.31595E-02   0.49505E-03   0.29313E-03
   0.50506E-01   0.10592E-02   0.34961E-01   0.85027E-01   0.75985E-02   0.13674E-01   0.21869E-01   0.22873E-02   0.15311E+00   0.90046E-01   0.52851E-01   0.27886E-01   0.21850E-01
   0.22334E-02   0.23130E-02   0.12576E-01   0.24757E-02   0.86068E-02   0.67031E-02   0.17914E-01   0.29988E-02   0.63641E-01   0.12165E+00   0.25556E-01   0.37306E-01   0.18133E-02
   0.21104E-01   0.13940E-02   0.42211E-02   0.52192E-02   0.92287E-03   0.18238E-02   0.79721E-03   0.16565E-02   0.75252E-01   0.81859E-02   0.72874E-02   0.10966E-01   0.62598E-02
   0.13017E-01   0.31360E-01   0.10803E-02   0.27824E-01   0.59870E-02   0.18467E-01   0.76089E-02   0.21045E-01   0.66934E-01   0.10746E+00   0.17205E-02   0.13321E+00   0.16076E-01
   0.64330E-01   0.11475E-01   0.13861E-01   0.28530E-02   0.99787E-02   0.53175E-02   0.16041E-02   0.15483E-01   0.11269E-01   0.11101E+00   0.24983E-01   0.14268E+00   0.20305E-01
   0.39241E-01   0.53924E-02   0.18794E-01   0.31318E-01   0.40390E-02   0.17708E-01   0.79296E-02   0.29010E-02   0.66699E-01   0.45012E-01   0.22779E-01   0.20265E-01   0.19293E-01
   0.53704E-02   0.16287E-01   0.53979E-01   0.57750E-01   0.39615E-02   0.36748E-02   0.98390E-01   0.31412E-01   0.14419E+00   0.39397E-01   0.82654E-01   0.23489E-02   0.18836E-02
   0.16122E-02   0.60900E-04   0.13912E-02   0.24874E-04   0.31460E-04   0.65640E-03   0.31593E-03   0.82018E-04   0.23717E-02   0.17154E-02   0.71992E-04   0.29286E-02   0.15917E-02
   0.11991E+00   0.34711E-01   0.47599E-01   0.41975E-01   0.48251E-01   0.59934E-01   0.11312E-01   0.52274E-01   0.30616E-01   0.40185E-01   0.46773E-01   0.31169E-01   0.35739E+00
   0.19846E-01   0.97124E-02   0.16786E-01   0.10584E-01   0.85642E-02   0.11974E-01   0.47123E-02   0.95226E-02   0.96305E-02   0.92086E-02   0.15673E-01   0.44175E-02   0.65377E-01
   0.59368E-01   0.15933E-01   0.19145E-01   0.18741E-01   0.20546E-01   0.35212E-01   0.44459E-02   0.23401E-01   0.12050E-01   0.35100E-01   0.14791E-01   0.89049E-02   0.16799E+00
   0.75731E-01   0.37485E-01   0.41727E-01   0.26416E-02   0.29189E-02   0.28489E-01   0.26920E-02   0.22203E-02   0.23087E-01   0.49273E-01   0.58967E-02   0.88804E-01   0.12529E-01
   0.60129E-01   0.59089E-01   0.52592E-02   0.28908E-01   0.82331E-02   0.17250E-01   0.58432E-02   0.10614E-01   0.32001E-01   0.28142E-01   0.77074E-01   0.89495E-01   0.11462E-01
   0.86899E-02   0.10393E-01   0.79313E-03   0.46730E-02   0.15111E-02   0.23048E-02   0.86310E-03   0.19405E-02   0.53371E-02   0.44861E-02   0.13087E-01   0.12897E-01   0.16024E-02
   0.19055E-02   0.21917E-02   0.11380E-03   0.10479E-02   0.30100E-03   0.41610E-03   0.38640E-03   0.50897E-03   0.11903E-02   0.13297E-02   0.28238E-02   0.30502E-02   0.66730E-03
   0.31403E-02   0.15928E-01   0.55861E-03   0.14837E-01   0.14713E-02   0.22172E-02   0.12374E-02   0.33017E-02   0.10567E-01   0.44612E-03   0.17392E-01   0.12207E-01   0.42458E-03
   0.54816E-02   0.11667E-01   0.25732E-03   0.60313E-02   0.14193E-02   0.21135E-02   0.84572E-03   0.25631E-02   0.55007E-02   0.25959E-02   0.14446E-01   0.12062E-01   0.77124E-03
   0.14657E-03   0.52001E-04   0.19335E-03   0.17343E-03   0.26464E-03   0.25894E-02   0.74288E-03   0.23323E-02   0.11953E-02   0.13886E-03   0.34345E-02   0.95803E-02   0.41063E-02
   0.13834E-02   0.73449E-02   0.69276E-03   0.31508E-04   0.12375E-02   0.17484E-02   0.25126E-04   0.14416E-02   0.71515E-04   0.22816E-02   0.51336E-02   0.39706E-02   0.24750E-02
   0.26488E+01   0.21370E+01   0.47551E+01   0.20716E+01   0.79244E+02   0.72114E+01   0.18960E+01   0.53461E+01   0.26331E+01   0.54797E+01   0.57235E+01   0.38886E+01   0.49116E+01
   0.14976E+00   0.11455E+00   0.34050E+00   0.19149E+00   0.14448E+00   0.51224E+01   0.10316E+00   0.27064E+00   0.16949E+00   0.19337E+00   0.50623E+00   0.16612E+00   0.29569E+00
   0.11173E+00   0.29407E-01   0.79483E-01   0.34004E-01   0.16497E-01   0.22710E-01   0.21518E-01   0.13527E-01   0.29311E-02   0.48462E-02   0.24702E-02   0.22011E-01   0.14018E+00
   0.61581E+00   0.26029E+00   0.23489E+00   0.39597E+00   0.16399E+00   0.38569E+00   0.12642E+00   0.30089E+00   0.14670E+00   0.10264E+01   0.47920E+00   0.30675E+00   0.11583E+01
   0.15817E+00   0.33356E+00   0.40915E-01   0.21084E+00   0.62982E-01   0.18186E+00   0.68110E-01   0.18457E+00   0.67472E-01   0.60390E+00   0.39604E+00   0.16554E+00   0.41976E+00
   0.16382E-02   0.29759E-02   0.19339E-01   0.20659E-01   0.14282E-02   0.33248E-02   0.44658E-02   0.49185E-02   0.15411E-02   0.10044E-02   0.13973E-01   0.52451E-02   0.62627E-02
   0.50415E-03   0.85155E-03   0.42368E-01   0.61172E-01   0.15653E-02   0.22032E-02   0.14342E-01   0.12332E-01   0.83133E-03   0.12913E-02   0.39860E-01   0.64552E-03   0.18450E-01
   0.38402E-04   0.26605E-03   0.26500E-04   0.18727E-03   0.62284E-04   0.26880E-04   0.37827E-04   0.13163E-03   0.65237E-04   0.36941E-03   0.56692E-03   0.11588E-03   0.24343E-03
   0.37299E-01   0.22786E-02   0.55232E-01   0.73475E-02   0.71248E-02   0.38266E-02   0.30447E-01   0.99777E-02   0.38219E-02   0.70295E-02   0.90388E-02   0.19230E-01   0.36970E-01
   0.67281E-04   0.34434E-03   0.26191E-03   0.23368E-03   0.10071E-03   0.21236E-03   0.11816E-03   0.32181E-03   0.67499E-04   0.14819E-03   0.91615E-03   0.21202E-03   0.93973E-04
   0.57880E-01   0.30279E-01   0.13782E-01   0.84733E-03   0.53692E-02   0.22730E-01   0.78878E-03   0.45333E-02   0.15525E-02   0.64673E-01   0.12775E-01   0.78726E-01   0.66623E-02
   0.60427E-01   0.14380E-01   0.54423E-03   0.73001E-02   0.55869E-02   0.10195E-01   0.18563E-02   0.27393E-02   0.18525E-01   0.44507E-02   0.38570E-01   0.26794E-01   0.79584E-03
   0.10965E-01   0.13207E-01   0.99100E-02   0.40969E-02   0.90648E-02   0.46792E-02   0.26026E-02   0.14984E+00   0.42949E-02   0.79596E-02   0.51381E-02   0.45696E-02   0.64358E-02
   0.54052E-02   0.48918E-01   0.28059E-03   0.10089E-01   0.30116E-02   0.13143E-01   0.64090E-02   0.82290E-02   0.31037E-02   0.60777E-01   0.45844E-02   0.27452E-02   0.12412E-02
   0.10000E+01   0.10000E+01   0.10000E+01   0.10000E+01   0.10000E+01   0.10000E+01   0.10000E+01   0.10000E+01   0.10000E+01   0.10000E+01   0.10000E+01   0.10000E+01   0.10000E+01

   0.19464   0.00000   0.15940   0.00154   0.02565   0.00000   0.01918   0.00243   0.04969   0.03211   0.05698   0.08479   0.03192
   0.01385   0.07106   0.13050   0.00756   0.00000   0.04686   0.02105   0.00631   0.00000   0.13285  -0.00000   0.26949   0.00000
   0.00000   0.03979   0.23907   0.05601   0.00000   0.00000   0.00000   0.02747   0.00851   0.04136   0.00000   0.24571   0.06732
   0.00000  -0.00000   0.34943   0.00000   0.02198   0.00000   0.07853   0.00774   0.08094   0.00000   0.14000   0.00000   0.02271
   0.00000   0.08177   0.26286  -0.00000   0.00000   0.00080   0.02473   0.03278   0.00000   0.04583   0.01035   0.17539   0.04401
   0.00000   0.01041   0.28673   0.04276   0.00310   0.00000   0.00000   0.01885   0.00000   0.05376   0.00000   0.19033   0.05362
   0.05312   0.00000   0.32742   0.00000   0.01681   0.00000   0.05053   0.01637   0.11068  -0.00000   0.04619   0.00000   0.06134
   0.16138   0.06762   0.00524   0.05807   0.00375   0.00953   0.03589  -0.00000   0.00000   0.17652   0.08800   0.11815   0.00083
   0.00813   0.00000   0.01187   0.69812   0.00000   0.00000   0.05878   0.00000   0.00000   0.00000   0.00000   0.01400   0.00000
   0.00000   0.00000   0.00000   0.00467   0.00000   0.00000   0.81240   0.00000   0.00000   0.00000   0.00000   0.00000   0.00000
   0.40588   0.02256   0.00000   0.03469   0.02646   0.00000  -0.00000   0.00398   0.00593   0.11686   0.14614   0.00000   0.00000
   0.02521   0.00000   0.04605   0.15431   0.00000   0.00000   0.01485   0.00000   0.26937   0.14210   0.06112   0.00000   0.01501
   0.00000   0.00000   0.03262   0.00000   0.00000   0.00000   0.05242   0.00000   0.20265   0.42406   0.05161   0.06453   0.00000
   0.06708   0.00000  -0.00000   0.00656   0.00000   0.00000   0.00000   0.00000   0.65117   0.00000   0.00000  -0.00000   0.00000
   0.00000   0.05754   0.00000   0.05320  -0.00000   0.00908   0.00503   0.02908   0.13061   0.22280   0.00000   0.29432   0.00462
   0.10623   0.00000   0.02237   0.00000   0.00000   0.00000   0.00000   0.01489   0.00000   0.24781   0.01945   0.34897   0.01362
   0.07703  -0.00000   0.04602   0.09970   0.00000   0.03361   0.00000   0.00000   0.21417   0.12663   0.03913   0.00526   0.03316
   0.00000   0.00000   0.07701   0.07120   0.00000   0.00000   0.18602   0.02946   0.23571   0.01161   0.12481   0.00000   0.00000
   0.06982   0.00000   0.09552   0.00000   0.00000   0.00815   0.00000   0.00000   0.15180   0.08443   0.00000   0.20305   0.09780
   0.00000   0.01576   0.00335   0.03494   0.00000  -0.00000   0.00000   0.00000   0.00000  -0.00000   0.00312   0.00000   0.52453
   0.00000   0.02549   0.05501   0.03309   0.00000   0.00000   0.00000   0.00000   0.00410   0.00000   0.03970   0.00000   0.43239
   0.00046   0.01114  -0.00000   0.03348   0.00000   0.00000   0.00000   0.00000   0.00000   0.01638   0.00000   0.00000   0.51348
   0.16173   0.06537   0.09387   0.00000   0.00000   0.02029   0.00000   0.00000   0.01679   0.08016   0.00000   0.22435   0.00000
   0.11064   0.11171   0.00172   0.06379   0.00000   0.00471   0.00104   0.00000   0.04881   0.03277   0.17107   0.20377   0.00424
   0.09739   0.12979   0.00080   0.06528   0.00297   0.00000   0.00000   0.00000   0.05472   0.03547   0.19113   0.17965   0.00174
   0.08515   0.11155   0.00000   0.05719   0.00000   0.00000   0.01007   0.00174   0.04315   0.04706   0.17330   0.18376   0.01350
  -0.00000   0.18277   0.00000   0.19545  -0.00000   0.00000   0.00000   0.00388   0.10083   0.00000   0.21640   0.11435   0.00000
   0.03718   0.16406   0.00000   0.09537   0.00000   0.00000   0.00000   0.00527   0.06019   0.00097   0.22985   0.16763  -0.00000
   0.00000   0.00000   0.00000   0.00000   0.00000   0.05677   0.01913   0.07070   0.00000   0.00000   0.11223   0.40221   0.12672
  -0.00000   0.27414   0.00129   0.00000   0.01185   0.00795   0.00000   0.00503   0.00000   0.03291   0.17494   0.10007   0.06921
   0.00000   0.00000   0.00000   0.00000   0.85456   0.00000   0.00001   0.00000   0.00000  -0.00000   0.00000   0.00000   0.00000
   0.00000  -0.00000   0.00000   0.00000   0.00000   0.81952  -0.00000   0.00000   0.00000   0.00000   0.00000   0.00000  -0.00000
   0.17013   0.01973   0.14529   0.04792  -0.00000  -0.00000   0.02568  -0.00000   0.00000   0.00000   0.00000  -0.00000   0.30878
   0.01525   0.00000   0.00000   0.04490   0.00000   0.00000   0.00000   0.00320   0.00000   0.15176   0.03109   0.00000   0.23071
   0.00000   0.09793   0.00000   0.04772   0.00000   0.00192   0.00000   0.02680   0.00000   0.19221   0.11675   0.00000   0.13188
   0.00000   0.00000   0.24107   0.23972   0.00000   0.00000   0.00000   0.01629   0.00000   0.00000   0.15809   0.01375   0.02260
   0.00000   0.00000   0.20035   0.29859   0.00000   0.00000   0.00748   0.02162   0.00000   0.00000   0.19429   0.00000   0.01810
   0.00000   0.09823   0.00000   0.06791   0.00000   0.00000   0.00000   0.01083   0.00000   0.11951   0.28625   0.00000   0.06579
   0.13073   0.00000   0.26886   0.00000   0.00000   0.00000   0.14197  -0.00000   0.00000   0.00000   0.00000   0.01730   0.14188
   0.00000   0.09970   0.07673   0.05699   0.00000   0.03167   0.01895   0.08188   0.00000   0.00000   0.33413   0.00796   0.00000
   0.11783   0.06144   0.03913   0.00000   0.00000   0.04549   0.00000  -0.00000   0.00000   0.19068   0.00000   0.24722  -0.00000
   0.32409   0.01537   0.00000   0.01369   0.00691   0.01898  -0.00000   0.00000   0.06694   0.00000   0.19849   0.10169   0.00000
   0.00000   0.03339   0.01908   0.00000   0.00000   0.00000   0.00000   0.79664   0.00000  -0.00000   0.00000   0.00000   0.00000
   0.00000   0.30255   0.00000   0.06230   0.00000   0.01786   0.03293   0.00000   0.00000   0.40103   0.00000   0.00000   0.00000
   1.00000   1.00000   1.00000   1.00000   1.00000   1.00000   1.00000   1.00000   1.00000   1.00000   1.00000   1.00000   1.00000

   0.28033   0.05494   0.19962   0.04175   0.05308   0.03861   0.05282   0.04141   0.11705   0.11425   0.11835   0.17475   0.08951
   0.11558   0.13028   0.16527   0.04105   0.02482   0.10761   0.04932   0.04710   0.05386   0.22158   0.02806   0.35547   0.01101
   0.06359   0.07608   0.28420   0.08778   0.02653   0.04376   0.00413   0.07322   0.07660   0.11741   0.00652   0.33216   0.12429
   0.06491   0.02111   0.40171   0.00953   0.04989   0.01142   0.11631   0.07535   0.17737   0.07832   0.19889   0.08405   0.07922
   0.06990   0.13743   0.31093   0.02359   0.02086   0.05671   0.05978   0.08287   0.06030   0.12852   0.05786   0.26296   0.09956
   0.06971   0.05519   0.33933   0.08909   0.03212   0.05125   0.03776   0.07151   0.05956   0.13755   0.04579   0.28042   0.11502
   0.13866   0.02868   0.38023   0.03670   0.04570   0.01118   0.09489   0.07021   0.19474   0.04611   0.10467   0.09030   0.11528
   0.23398   0.14035   0.03540   0.09387   0.02940   0.05832   0.06132   0.02211   0.01539   0.24674   0.15308   0.18335   0.04840
   0.07247   0.03354   0.04360   0.77209   0.00584   0.00636   0.16705   0.00398   0.04560   0.00791   0.00515   0.08283   0.01904
   0.05372   0.09648   0.02161   0.04415   0.02330   0.06315   0.87017   0.01329   0.06629   0.03158   0.02838   0.04631   0.05891
   0.48447   0.13169   0.00280   0.05988   0.05996   0.03590   0.01460   0.04038   0.06145   0.18417   0.23252   0.03643   0.02152
   0.12075   0.00254   0.08361   0.20316   0.01818   0.03275   0.05238   0.00548   0.36523   0.21565   0.12631   0.06679   0.05223
   0.00919   0.00952   0.05171   0.01018   0.03529   0.02758   0.07353   0.01231   0.26151   0.49832   0.10476   0.15339   0.00746
   0.22210   0.01469   0.04445   0.05496   0.00972   0.01921   0.00840   0.01746   0.79088   0.08622   0.07669   0.11557   0.06594
   0.03613   0.08689   0.00300   0.07716   0.01660   0.05123   0.02110   0.05835   0.18530   0.29792   0.00477   0.36849   0.04459
   0.19223   0.03428   0.04143   0.00853   0.02982   0.01590   0.00479   0.04630   0.03365   0.33158   0.07464   0.42520   0.06069
   0.18171   0.02501   0.08717   0.14527   0.01876   0.08219   0.03676   0.01347   0.30901   0.20936   0.10550   0.09427   0.08925
   0.01308   0.03965   0.13080   0.14083   0.00964   0.00895   0.23807   0.07627   0.35034   0.09609   0.20059   0.00572   0.00459
   0.16889   0.00636   0.14536   0.00260   0.00329   0.06851   0.03288   0.00857   0.24663   0.17957   0.00752   0.30573   0.16574
   0.20901   0.06062   0.08319   0.07319   0.08427   0.10462   0.01976   0.09124   0.05346   0.07022   0.08175   0.05445   0.61974
   0.16060   0.07872   0.13588   0.08577   0.06941   0.09708   0.03822   0.07718   0.07809   0.07469   0.12718   0.03585   0.52607
   0.21541   0.05789   0.06959   0.06804   0.07473   0.12785   0.01616   0.08495   0.04377   0.12754   0.05382   0.03237   0.60590
   0.29437   0.14432   0.15989   0.01023   0.01130   0.10995   0.01042   0.00861   0.08888   0.19213   0.02284   0.34336   0.04831
   0.17965   0.17665   0.01575   0.08643   0.02463   0.05162   0.01748   0.03175   0.09558   0.08431   0.23017   0.26734   0.03427
   0.16478   0.19703   0.01507   0.08862   0.02867   0.04376   0.01638   0.03682   0.10114   0.08522   0.24802   0.24445   0.03040
   0.16039   0.18416   0.00958   0.08817   0.02535   0.03506   0.03254   0.04287   0.10013   0.11220   0.23719   0.25657   0.05613
   0.04959   0.25040   0.00880   0.23317   0.02319   0.03495   0.01949   0.05203   0.16618   0.00703   0.27379   0.19216   0.00669
   0.11192   0.23765   0.00525   0.12287   0.02896   0.04313   0.01725   0.05229   0.11207   0.05302   0.29419   0.24571   0.01573
   0.00742   0.00263   0.00979   0.00878   0.01340   0.13126   0.03759   0.11812   0.06045   0.00703   0.17382   0.48346   0.20703
   0.07080   0.37454   0.03531   0.00161   0.06325   0.08942   0.00128   0.07377   0.00366   0.11663   0.26204   0.20293   0.12628
   0.03126   0.02524   0.05603   0.02444   0.93046   0.08515   0.02236   0.06314   0.03109   0.06474   0.06757   0.04589   0.05789
   0.02678   0.02047   0.06087   0.03421   0.02583   0.91283   0.01844   0.04838   0.03030   0.03458   0.09045   0.02970   0.05287
   0.31731   0.08353   0.22572   0.09660   0.04682   0.06446   0.06111   0.03848   0.00833   0.01377   0.00702   0.06260   0.39732
   0.18197   0.07695   0.06909   0.11637   0.04843   0.11418   0.03738   0.08902   0.04342   0.30401   0.14111   0.09093   0.34049
   0.08446   0.17811   0.02183   0.11209   0.03362   0.09728   0.03643   0.09860   0.03607   0.32230   0.21080   0.08861   0.22317
   0.02663   0.04840   0.31135   0.33357   0.02320   0.05392   0.07256   0.07989   0.02505   0.01634   0.22560   0.08520   0.10178
   0.00337   0.00570   0.28026   0.40487   0.01046   0.01471   0.09594   0.08251   0.00556   0.00864   0.26466   0.00432   0.12327
   0.02735   0.18854   0.01882   0.13197   0.04428   0.01916   0.02693   0.09357   0.04640   0.26312   0.40093   0.08253   0.17204
   0.23244   0.01415   0.34268   0.04569   0.04423   0.02379   0.18820   0.06212   0.02376   0.04377   0.05585   0.11939   0.22844
   0.03180   0.16212   0.12323   0.10992   0.04750   0.10032   0.05575   0.15147   0.03188   0.07020   0.42638   0.09972   0.04445
   0.26036   0.13765   0.06230   0.00384   0.02436   0.10295   0.00357   0.02058   0.00703   0.29520   0.05763   0.35778   0.03015
   0.42189   0.10137   0.00383   0.05100   0.03932   0.07183   0.01306   0.01928   0.13030   0.03138   0.27077   0.18892   0.00560
   0.06295   0.07587   0.05687   0.02352   0.05206   0.02688   0.01494   0.85664   0.02466   0.04571   0.02951   0.02624   0.03695
   0.04348   0.39314   0.00226   0.08113   0.02422   0.10573   0.05154   0.06620   0.02495   0.48820   0.03684   0.02209   0.00998
   1.00000   1.00000   1.00000   1.00000   1.00000   1.00000   1.00000   1.00000   1.00000   1.00000   1.00000   1.00000   1.00000
