
       0      -0.257
    0    0    0    0    0    0    0    0    0    0    0    0    0
    0    0    0    0    0    0    0    0    0    0    0    0    0
    0    0    0    0    0    0    0    0    0    0    0    0    0
    0    0    0    0    0    0    0    0    0    0    0    0    0


   0.15254E-01  -0.40939E-18   0.16505E-01   0.00000E+00   0.41643E-03   0.00000E+00   0.00000E+00   0.00000E+00   0.00000E+00   0.00000E+00   0.14175E-02   0.17962E-02   0.00000E+00
   0.00000E+00   0.79955E-03   0.28053E-02   0.00000E+00   0.00000E+00   0.97824E-04   0.00000E+00   0.00000E+00   0.00000E+00   0.12710E-02  -0.49560E-19   0.52007E-02   0.00000E+00
  -0.23784E-17   0.34304E-02   0.53164E-01   0.77447E-02   0.00000E+00   0.00000E+00   0.00000E+00   0.00000E+00   0.00000E+00   0.00000E+00   0.00000E+00   0.46244E-01   0.64935E-02
   0.00000E+00  -0.89297E-18   0.12712E+00   0.00000E+00   0.53362E-03   0.00000E+00   0.17946E-01   0.00000E+00   0.68202E-02   0.00000E+00   0.38358E-01   0.00000E+00   0.00000E+00
   0.00000E+00   0.31404E-02   0.16746E-01  -0.59839E-19  -0.17407E-19   0.00000E+00   0.00000E+00   0.00000E+00   0.00000E+00   0.00000E+00   0.00000E+00   0.83410E-02   0.00000E+00
  -0.15802E-18   0.00000E+00   0.20140E-01   0.80791E-03   0.00000E+00   0.00000E+00   0.00000E+00   0.00000E+00   0.00000E+00   0.00000E+00   0.00000E+00   0.10123E-01   0.00000E+00
   0.00000E+00   0.00000E+00   0.49407E-02   0.00000E+00   0.00000E+00   0.00000E+00   0.25249E-03   0.00000E+00   0.88201E-03  -0.22370E-19   0.65819E-04   0.00000E+00   0.00000E+00
   0.56380E-03   0.13886E-03   0.00000E+00   0.16469E-03   0.00000E+00   0.00000E+00   0.88126E-04  -0.11197E-19   0.00000E+00   0.72077E-03   0.26210E-03   0.38616E-03   0.00000E+00
  -0.12310E-18  -0.28204E-19   0.00000E+00   0.40237E-02   0.00000E+00   0.00000E+00  -0.43029E-19   0.00000E+00   0.00000E+00   0.00000E+00   0.00000E+00   0.00000E+00   0.00000E+00
  -0.10235E-18   0.00000E+00   0.00000E+00   0.00000E+00   0.00000E+00   0.00000E+00   0.83145E-02   0.00000E+00   0.00000E+00   0.00000E+00   0.00000E+00   0.00000E+00  -0.53510E-19
   0.44131E-02   0.00000E+00   0.00000E+00   0.61583E-04   0.00000E+00   0.00000E+00  -0.75901E-20   0.00000E+00   0.00000E+00   0.73186E-03   0.12223E-02   0.00000E+00  -0.38707E-20
   0.00000E+00   0.00000E+00   0.95632E-02   0.49124E-01  -0.14977E-18   0.00000E+00   0.00000E+00   0.00000E+00   0.90743E-01   0.39099E-01   0.73465E-02  -0.16484E-18   0.00000E+00
   0.00000E+00   0.00000E+00   0.19832E-02   0.00000E+00   0.00000E+00   0.00000E+00   0.86320E-02   0.00000E+00   0.34805E-01   0.83971E-01   0.00000E+00   0.00000E+00   0.00000E+00
   0.00000E+00  -0.24023E-19  -0.18456E-18   0.00000E+00   0.00000E+00   0.00000E+00   0.00000E+00  -0.15239E-18   0.54215E-01   0.00000E+00  -0.37913E-18  -0.19936E-17   0.00000E+00
  -0.19866E-17   0.14423E-01   0.00000E+00   0.13730E-01  -0.72401E-19   0.00000E+00   0.00000E+00   0.33158E-02   0.32457E-01   0.54350E-01   0.00000E+00   0.85964E-01   0.00000E+00
   0.13438E-01  -0.39945E-18   0.32411E-02  -0.10309E-19   0.00000E+00   0.00000E+00   0.00000E+00   0.00000E+00  -0.12967E-17   0.56366E-01   0.00000E+00   0.94345E-01   0.00000E+00
   0.22142E-02  -0.55387E-19   0.38628E-02   0.13178E-01   0.00000E+00   0.00000E+00   0.00000E+00   0.00000E+00   0.32237E-01   0.13918E-01   0.00000E+00   0.00000E+00   0.00000E+00
   0.00000E+00   0.00000E+00   0.13415E-01   0.70092E-02   0.00000E+00   0.00000E+00   0.57201E-01   0.00000E+00   0.69098E-01   0.00000E+00   0.29237E-01   0.00000E+00   0.00000E+00
   0.00000E+00   0.00000E+00   0.57521E-03   0.00000E+00   0.00000E+00   0.00000E+00   0.00000E+00   0.00000E+00   0.74291E-03   0.26771E-03   0.00000E+00   0.12341E-02   0.48668E-03
  -0.26841E-16   0.00000E+00   0.00000E+00   0.00000E+00   0.00000E+00  -0.49118E-17  -0.40795E-19   0.00000E+00   0.00000E+00  -0.20593E-17   0.00000E+00  -0.21378E-17   0.26032E+00
  -0.43337E-17   0.00000E+00   0.19098E-02   0.00000E+00   0.00000E+00   0.00000E+00   0.00000E+00   0.00000E+00   0.00000E+00   0.00000E+00   0.00000E+00   0.00000E+00   0.45098E-01
   0.00000E+00   0.00000E+00  -0.69632E-18   0.00000E+00  -0.10992E-17   0.00000E+00   0.00000E+00   0.00000E+00  -0.20173E-17   0.00000E+00   0.00000E+00   0.00000E+00   0.12115E+00
   0.16987E-01   0.53504E-03   0.10671E-01   0.00000E+00   0.00000E+00   0.00000E+00   0.00000E+00   0.00000E+00   0.00000E+00   0.00000E+00   0.00000E+00   0.32401E-01  -0.81667E-19
   0.20661E-01   0.24355E-01   0.00000E+00   0.14938E-01   0.00000E+00   0.00000E+00   0.00000E+00  -0.10594E-17   0.47848E-02   0.00000E+00   0.45156E-01   0.53138E-01   0.00000E+00
   0.26917E-02   0.46581E-02   0.00000E+00   0.23973E-02   0.00000E+00   0.00000E+00   0.00000E+00  -0.24319E-18   0.10531E-02   0.00000E+00   0.81960E-02   0.69380E-02   0.00000E+00
   0.41697E-03   0.78996E-03   0.00000E+00   0.37223E-03   0.00000E+00   0.00000E+00   0.00000E+00   0.00000E+00   0.29842E-05   0.00000E+00   0.15879E-02   0.15490E-02   0.00000E+00
  -0.34424E-19   0.82636E-02   0.00000E+00   0.10277E-01  -0.11453E-18  -0.20928E-19   0.00000E+00   0.00000E+00   0.30086E-02   0.00000E+00   0.11355E-01   0.21982E-02   0.00000E+00
   0.00000E+00   0.55929E-02   0.00000E+00   0.35444E-02   0.00000E+00  -0.10717E-19  -0.91846E-20   0.00000E+00   0.10432E-02   0.00000E+00   0.93128E-02   0.49043E-02  -0.38723E-19
   0.00000E+00   0.00000E+00   0.00000E+00   0.00000E+00   0.00000E+00   0.00000E+00   0.72371E-04   0.65746E-03  -0.84909E-20   0.00000E+00   0.14595E-02   0.67269E-02   0.14905E-02
  -0.37019E-19   0.38956E-02   0.00000E+00   0.00000E+00   0.00000E+00   0.00000E+00   0.00000E+00   0.00000E+00   0.00000E+00  -0.42343E-18   0.24203E-02   0.23285E-03   0.51197E-03
   0.00000E+00   0.00000E+00   0.00000E+00   0.00000E+00   0.68494E+02   0.00000E+00   0.00000E+00   0.00000E+00   0.00000E+00  -0.51825E-18   0.00000E+00  -0.28461E-16   0.00000E+00
   0.00000E+00  -0.62686E-17  -0.27064E-16   0.00000E+00  -0.35770E-17   0.43977E+01  -0.71897E-17   0.00000E+00   0.00000E+00   0.00000E+00   0.00000E+00   0.00000E+00  -0.57855E-16
   0.31684E-01   0.00000E+00   0.35572E-01   0.11151E-02  -0.25157E-17  -0.18500E-17   0.00000E+00  -0.87262E-18   0.00000E+00   0.00000E+00   0.00000E+00  -0.10090E-17   0.80578E-01
   0.00000E+00   0.00000E+00   0.00000E+00   0.00000E+00  -0.42795E-17   0.00000E+00   0.00000E+00   0.00000E+00   0.00000E+00   0.14546E+00   0.00000E+00   0.00000E+00   0.50166E+00
  -0.19399E-16   0.77646E-01   0.00000E+00   0.00000E+00  -0.16384E-17   0.00000E+00   0.00000E+00   0.00000E+00   0.00000E+00   0.17426E+00   0.85390E-01   0.00000E+00   0.11596E+00
   0.00000E+00   0.00000E+00   0.11296E-01   0.10220E-01   0.00000E+00   0.00000E+00   0.00000E+00   0.00000E+00   0.00000E+00   0.00000E+00   0.66291E-02   0.00000E+00   0.00000E+00
   0.00000E+00   0.00000E+00   0.20768E-01   0.31417E-01   0.00000E+00   0.00000E+00   0.00000E+00   0.00000E+00   0.00000E+00   0.00000E+00   0.21666E-01   0.00000E+00   0.00000E+00
   0.00000E+00   0.54587E-04   0.00000E+00   0.11134E-05   0.00000E+00   0.00000E+00   0.00000E+00   0.00000E+00   0.00000E+00   0.00000E+00   0.27948E-03   0.00000E+00   0.00000E+00
   0.89491E-02   0.00000E+00   0.34576E-01  -0.30448E-18   0.00000E+00   0.00000E+00   0.15913E-01  -0.86586E-18   0.00000E+00   0.00000E+00   0.00000E+00   0.00000E+00   0.90818E-02
   0.00000E+00   0.10216E-03   0.82211E-04   0.34782E-04   0.00000E+00   0.00000E+00   0.00000E+00   0.62950E-04   0.00000E+00  -0.97003E-20   0.54333E-03   0.00000E+00   0.00000E+00
   0.80920E-02   0.45461E-02   0.50204E-02   0.00000E+00   0.00000E+00   0.10250E-02   0.00000E+00  -0.36396E-18   0.00000E+00   0.23602E-01  -0.15185E-17   0.38561E-01  -0.37844E-18
   0.29443E-01   0.00000E+00   0.00000E+00   0.00000E+00   0.00000E+00   0.00000E+00  -0.61070E-20   0.00000E+00   0.28530E-03   0.00000E+00   0.14841E-01   0.24122E-02   0.00000E+00
   0.00000E+00   0.00000E+00   0.00000E+00  -0.72781E-18  -0.43864E-18   0.00000E+00   0.00000E+00   0.13150E+00   0.00000E+00  -0.41892E-18   0.00000E+00   0.00000E+00  -0.40750E-18
   0.00000E+00   0.30015E-01   0.00000E+00   0.49267E-02   0.00000E+00   0.00000E+00   0.20212E-02   0.00000E+00   0.00000E+00   0.35073E-01  -0.17030E-18   0.00000E+00   0.00000E+00
   0.10000E+01   0.10000E+01   0.10000E+01   0.10000E+01   0.10000E+01   0.10000E+01   0.10000E+01   0.10000E+01   0.10000E+01   0.10000E+01   0.10000E+01   0.10000E+01   0.10000E+01

   0.45468E-01   0.12359E-01   0.30516E-01   0.91996E-02   0.93328E-02   0.10872E-01   0.97643E-02   0.89819E-02   0.21750E-01   0.22848E-01   0.21426E-01   0.31812E-01   0.17921E-01
   0.49292E-02   0.48731E-02   0.51394E-02   0.17649E-02   0.12542E-02   0.40645E-02   0.18142E-02   0.20027E-02   0.25867E-02   0.76680E-02   0.17844E-02   0.11252E-01   0.15066E-02
   0.32506E-01   0.26444E-01   0.84499E-01   0.28391E-01   0.12098E-01   0.22125E-01   0.57423E-02   0.27031E-01   0.30808E-01   0.46915E-01   0.84454E-02   0.10124E+00   0.48191E-01
   0.49945E-01   0.21790E-01   0.18650E+00   0.18011E-01   0.29283E-01   0.17363E-01   0.58958E-01   0.47323E-01   0.99580E-01   0.56372E-01   0.10077E+00   0.53214E-01   0.50623E-01
   0.98938E-02   0.13284E-01   0.26324E-01   0.39509E-02   0.30377E-02   0.72082E-02   0.56061E-02   0.85354E-02   0.81280E-02   0.14202E-01   0.70913E-02   0.23853E-01   0.11164E-01
   0.10910E-01   0.73265E-02   0.31806E-01   0.95139E-02   0.42629E-02   0.75576E-02   0.52181E-02   0.86732E-02   0.93089E-02   0.16760E-01   0.68994E-02   0.27841E-01   0.13865E-01
   0.34109E-02   0.81790E-03   0.75295E-02   0.12083E-02   0.11261E-02   0.70521E-03   0.20728E-02   0.17922E-02   0.43702E-02   0.17934E-02   0.24355E-02   0.24535E-02   0.27725E-02
   0.18114E-02   0.10963E-02   0.34387E-03   0.70749E-03   0.29400E-03   0.60161E-03   0.47822E-03   0.29306E-03   0.31989E-03   0.17931E-02   0.11653E-02   0.14349E-02   0.48310E-03
   0.94562E-03   0.42333E-03   0.36604E-03   0.54357E-02   0.12585E-03   0.21613E-03   0.17295E-02   0.13079E-03   0.93874E-03   0.29267E-03   0.18617E-03   0.82816E-03   0.34279E-03
   0.14409E-02   0.15290E-02   0.54486E-03   0.64618E-03   0.44694E-03   0.10420E-02   0.10847E-01   0.47682E-03   0.13943E-02   0.85476E-03   0.79627E-03   0.91533E-03   0.10349E-02
   0.81940E-02   0.24546E-02   0.17157E-03   0.10650E-02   0.11232E-02   0.16507E-02   0.45208E-03   0.90637E-03   0.12889E-02   0.33259E-02   0.40982E-02   0.20281E-02   0.80939E-03
   0.71971E-01   0.55990E-02   0.47390E-01   0.10021E+00   0.13739E-01   0.30947E-01   0.35705E-01   0.10626E-01   0.18253E+00   0.13038E+00   0.68591E-01   0.49056E-01   0.34948E-01
   0.10750E-01   0.64793E-02   0.15853E-01   0.79839E-02   0.12453E-01   0.21471E-01   0.23097E-01   0.72553E-02   0.75904E-01   0.14374E+00   0.33043E-01   0.55839E-01   0.10450E-01
   0.29429E-01   0.31312E-02   0.66053E-02   0.66226E-02   0.16352E-02   0.80018E-02   0.25483E-02   0.39710E-02   0.84097E-01   0.23168E-01   0.11053E-01   0.19110E-01   0.91046E-02
   0.31997E-01   0.40439E-01   0.49162E-02   0.33556E-01   0.11933E-01   0.33885E-01   0.13286E-01   0.28870E-01   0.84226E-01   0.13341E+00   0.88763E-02   0.15581E+00   0.28614E-01
   0.88263E-01   0.23482E-01   0.18195E-01   0.83495E-02   0.16396E-01   0.22450E-01   0.52256E-02   0.23029E-01   0.20300E-01   0.13985E+00   0.35112E-01   0.16916E+00   0.31665E-01
   0.54840E-01   0.12586E-01   0.25689E-01   0.38781E-01   0.79447E-02   0.28005E-01   0.14521E-01   0.85118E-02   0.83411E-01   0.66430E-01   0.32314E-01   0.33734E-01   0.29661E-01
   0.25466E-01   0.34960E-01   0.72403E-01   0.81100E-01   0.13596E-01   0.14778E-01   0.12004E+00   0.43853E-01   0.17381E+00   0.78071E-01   0.10408E+00   0.13892E-01   0.10520E-01
   0.23196E-02   0.30117E-03   0.18274E-02   0.15024E-03   0.16753E-03   0.11010E-02   0.56148E-03   0.34469E-03   0.31154E-02   0.23231E-02   0.35540E-03   0.36999E-02   0.22811E-02
   0.17301E+00   0.57701E-01   0.82764E-01   0.56088E-01   0.78532E-01   0.11102E+00   0.32527E-01   0.87686E-01   0.56980E-01   0.98031E-01   0.11260E+00   0.95562E-01   0.42027E+00
   0.30507E-01   0.15561E-01   0.24382E-01   0.15065E-01   0.14800E-01   0.21641E-01   0.98058E-02   0.16742E-01   0.16609E-01   0.21935E-01   0.28434E-01   0.16735E-01   0.76933E-01
   0.85229E-01   0.24395E-01   0.33559E-01   0.24727E-01   0.35252E-01   0.58961E-01   0.13975E-01   0.39162E-01   0.24767E-01   0.59462E-01   0.44512E-01   0.39257E-01   0.19855E+00
   0.11253E+00   0.55999E-01   0.55621E-01   0.12009E-01   0.11783E-01   0.47065E-01   0.10638E-01   0.11007E-01   0.38129E-01   0.72751E-01   0.23496E-01   0.11349E+00   0.35844E-01
   0.89253E-01   0.75005E-01   0.90874E-02   0.34648E-01   0.16783E-01   0.30312E-01   0.11349E-01   0.20644E-01   0.44211E-01   0.43131E-01   0.96475E-01   0.10946E+00   0.19562E-01
   0.13516E-01   0.13091E-01   0.14118E-02   0.55836E-02   0.28949E-02   0.42455E-02   0.17449E-02   0.35641E-02   0.72828E-02   0.66849E-02   0.16303E-01   0.16105E-01   0.28323E-02
   0.28393E-02   0.28921E-02   0.35196E-03   0.13289E-02   0.62675E-03   0.90604E-03   0.62531E-03   0.90771E-03   0.17122E-02   0.19625E-02   0.35199E-02   0.37781E-02   0.10709E-02
   0.93122E-02   0.19624E-01   0.17076E-02   0.16447E-01   0.31850E-02   0.45013E-02   0.34079E-02   0.52755E-02   0.13611E-01   0.24609E-02   0.21845E-01   0.15671E-01   0.27424E-02
   0.10622E-01   0.14550E-01   0.93335E-03   0.69984E-02   0.28866E-02   0.40228E-02   0.18902E-02   0.41713E-02   0.74728E-02   0.45879E-02   0.17890E-01   0.15315E-01   0.25556E-02
   0.93223E-03   0.31412E-03   0.73936E-03   0.56970E-03   0.92576E-03   0.39598E-02   0.10392E-02   0.30577E-02   0.18375E-02   0.85752E-03   0.48597E-02   0.11118E-01   0.53809E-02
   0.34326E-02   0.92090E-02   0.12354E-02   0.18040E-03   0.18837E-02   0.28917E-02   0.14295E-03   0.23763E-02   0.40985E-03   0.35569E-02   0.70465E-02   0.54213E-02   0.34266E-02
   0.43405E+01   0.36141E+01   0.58129E+01   0.25357E+01   0.85898E+02   0.98009E+01   0.24744E+01   0.74372E+01   0.37201E+01   0.81209E+01   0.81288E+01   0.52318E+01   0.67735E+01
   0.26555E+00   0.20775E+00   0.45923E+00   0.23671E+00   0.24144E+00   0.56265E+01   0.17728E+00   0.60195E+00   0.27466E+00   0.53023E+00   0.72198E+00   0.30583E+00   0.56151E+00
   0.13798E+00   0.43832E-01   0.10220E+00   0.47220E-01   0.30740E-01   0.45269E-01   0.32719E-01   0.29230E-01   0.14811E-01   0.26382E-01   0.13275E-01   0.50426E-01   0.17463E+00
   0.97115E+00   0.50945E+00   0.45071E+00   0.53203E+00   0.34182E+00   0.72956E+00   0.29189E+00   0.50463E+00   0.44741E+00   0.14510E+01   0.76669E+00   0.62262E+00   0.14939E+01
   0.32433E+00   0.47523E+00   0.13446E+00   0.27328E+00   0.15210E+00   0.36145E+00   0.14599E+00   0.28221E+00   0.20169E+00   0.80155E+00   0.54128E+00   0.30335E+00   0.56560E+00
   0.54635E-02   0.55053E-02   0.23365E-01   0.24375E-01   0.32424E-02   0.67193E-02   0.77472E-02   0.77063E-02   0.60265E-02   0.45188E-02   0.17814E-01   0.82795E-02   0.10226E-01
   0.28225E-02   0.43980E-02   0.54034E-01   0.72920E-01   0.61134E-02   0.81311E-02   0.23747E-01   0.18954E-01   0.45833E-02   0.71278E-02   0.51749E-01   0.35365E-02   0.28175E-01
   0.15574E-03   0.37671E-03   0.10110E-03   0.24295E-03   0.13774E-03   0.12288E-03   0.10866E-03   0.22490E-03   0.18517E-03   0.52455E-03   0.70329E-03   0.21861E-03   0.37029E-03
   0.50640E-01   0.10512E-01   0.67479E-01   0.15579E-01   0.12440E-01   0.13178E-01   0.35125E-01   0.16846E-01   0.15566E-01   0.19600E-01   0.16617E-01   0.30213E-01   0.49460E-01
   0.23585E-03   0.47236E-03   0.34560E-03   0.31880E-03   0.19608E-03   0.33591E-03   0.17847E-03   0.42993E-03   0.19159E-03   0.31722E-03   0.10971E-02   0.35220E-03   0.22882E-03
   0.82251E-01   0.40265E-01   0.18081E-01   0.37145E-02   0.10061E-01   0.33493E-01   0.31124E-02   0.97570E-02   0.76347E-02   0.80840E-01   0.23059E-01   0.96001E-01   0.15662E-01
   0.80790E-01   0.21801E-01   0.22432E-02   0.11647E-01   0.87483E-02   0.19459E-01   0.43287E-02   0.68723E-02   0.23888E-01   0.14993E-01   0.48018E-01   0.43132E-01   0.50076E-02
   0.16365E-01   0.17559E-01   0.12587E-01   0.59116E-02   0.15876E-01   0.10227E-01   0.42882E-02   0.16765E+00   0.71501E-02   0.18344E-01   0.13430E-01   0.12085E-01   0.15312E-01
   0.16207E-01   0.59223E-01   0.14795E-02   0.12145E-01   0.70967E-02   0.25233E-01   0.89064E-02   0.12076E-01   0.10696E-01   0.69252E-01   0.15869E-01   0.12613E-01   0.87508E-02
   0.10000E+01   0.10000E+01   0.10000E+01   0.10000E+01   0.10000E+01   0.10000E+01   0.10000E+01   0.10000E+01   0.10000E+01   0.10000E+01   0.10000E+01   0.10000E+01   0.10000E+01

   0.12223  -0.00000   0.13131   0.00000   0.00330   0.00000   0.00000   0.00000   0.00000   0.00000   0.01128   0.01414   0.00000
   0.00000   0.03081   0.10797   0.00000   0.00000   0.00375   0.00000   0.00000   0.00000   0.04841  -0.00000   0.20031   0.00000
  -0.00000   0.01348   0.21022   0.03044   0.00000   0.00000   0.00000   0.00000   0.00000   0.00000   0.00000   0.18198   0.02555
   0.00000   0.00000   0.31758   0.00000   0.00132   0.00000   0.04445   0.00000   0.01692   0.00000   0.09495   0.00000   0.00000
   0.00000   0.04345   0.23206   0.00000  -0.00000   0.00000   0.00000   0.00000   0.00000   0.00000   0.00000   0.11507   0.00000
   0.00000   0.00000   0.25284   0.01006   0.00000   0.00000   0.00000   0.00000   0.00000   0.00000   0.00000   0.12638   0.00000
   0.00000   0.00000   0.29460   0.00000   0.00000   0.00000   0.01499   0.00000   0.05239  -0.00000   0.00390   0.00000   0.00000
   0.09877   0.02440   0.00000   0.02892   0.00000   0.00000   0.01541   0.00000   0.00000   0.12591   0.04599   0.06761   0.00000
  -0.00000  -0.00000   0.00000   0.63043   0.00000   0.00000  -0.00000   0.00000   0.00000   0.00000   0.00000   0.00000   0.00000
  -0.00000   0.00000   0.00000   0.00000   0.00000   0.00000   0.79027   0.00000   0.00000   0.00000   0.00000   0.00000   0.00000
   0.32824   0.00000   0.00000   0.00453   0.00000   0.00000   0.00000   0.00000   0.00000   0.05372   0.08979   0.00000  -0.00000
   0.00000   0.00000   0.02292   0.11805   0.00000   0.00000   0.00000   0.00000   0.21907   0.09352   0.01759   0.00000   0.00000
   0.00000   0.00000   0.00818   0.00000   0.00000   0.00000   0.03561   0.00000   0.14342   0.34882   0.00000   0.00000   0.00000
   0.00000   0.00000  -0.00000   0.00000   0.00000   0.00000   0.00000  -0.00000   0.57364   0.00000  -0.00000  -0.00000   0.00000
  -0.00000   0.04011   0.00000   0.03804  -0.00000   0.00000   0.00000   0.00919   0.09032   0.15088   0.00000   0.23980   0.00000
   0.04017  -0.00000   0.00969   0.00000   0.00000   0.00000   0.00000   0.00000  -0.00000   0.16853   0.00000   0.28346   0.00000
   0.01035  -0.00000   0.01798   0.06133   0.00000   0.00000   0.00000   0.00000   0.15056   0.06432   0.00000   0.00000   0.00000
   0.00000   0.00000   0.03318   0.01704   0.00000   0.00000   0.14212   0.00000   0.16918   0.00000   0.07179   0.00000   0.00000
   0.00000   0.00000   0.06037   0.00000   0.00000   0.00000   0.00000   0.00000   0.07873   0.02795   0.00000   0.12983   0.05148
  -0.00000   0.00000   0.00000   0.00000   0.00000   0.00000  -0.00000   0.00000   0.00000   0.00000   0.00000  -0.00000   0.46420
  -0.00000   0.00000   0.01553   0.00000   0.00000   0.00000   0.00000   0.00000   0.00000   0.00000   0.00000   0.00000   0.37606
   0.00000   0.00000   0.00000   0.00000  -0.00000   0.00000   0.00000   0.00000  -0.00000   0.00000   0.00000   0.00000   0.44911
   0.06553   0.00211   0.04263   0.00000   0.00000   0.00000   0.00000   0.00000   0.00000   0.00000   0.00000   0.12617   0.00000
   0.06199   0.07293   0.00000   0.04471   0.00000   0.00000   0.00000  -0.00000   0.01435   0.00000   0.13560   0.15954   0.00000
   0.05123   0.08856   0.00000   0.04552   0.00000   0.00000   0.00000  -0.00000   0.02003   0.00000   0.15622   0.13216   0.00000
   0.03522   0.06700   0.00000   0.03141   0.00000   0.00000   0.00000   0.00000   0.00025   0.00000   0.13492   0.13090   0.00000
   0.00000   0.13138   0.00000   0.16266  -0.00000   0.00000   0.00000   0.00000   0.04756   0.00000   0.17997   0.03477   0.00000
   0.00000   0.11463   0.00000   0.07243   0.00000   0.00000   0.00000   0.00000   0.02132   0.00000   0.19123   0.10050  -0.00000
   0.00000   0.00000   0.00000   0.00000   0.00000   0.00000   0.00366   0.03317  -0.00000   0.00000   0.07417   0.34320   0.07606
   0.00000   0.20118   0.00000   0.00000   0.00000   0.00000   0.00000   0.00000   0.00000  -0.00000   0.12469   0.01195   0.02628
   0.00000   0.00000   0.00000   0.00000   0.84260   0.00000   0.00000   0.00000   0.00000  -0.00000   0.00000   0.00000   0.00000
   0.00000   0.00000  -0.00000   0.00000  -0.00000   0.80910   0.00000   0.00000   0.00000   0.00000   0.00000   0.00000  -0.00000
   0.09026   0.00000   0.10201   0.00317   0.00000   0.00000   0.00000  -0.00000   0.00000   0.00000   0.00000   0.00000   0.23161
   0.00000   0.00000   0.00000   0.00000  -0.00000   0.00000   0.00000   0.00000   0.00000   0.04310   0.00000   0.00000   0.15193
  -0.00000   0.04179   0.00000   0.00000   0.00000   0.00000   0.00000   0.00000   0.00000   0.09379   0.04631   0.00000   0.06309
   0.00000   0.00000   0.18784   0.16874   0.00000   0.00000   0.00000   0.00000   0.00000   0.00000   0.10898   0.00000   0.00000
   0.00000   0.00000   0.14099   0.21509   0.00000   0.00000   0.00000   0.00000   0.00000   0.00000   0.14620   0.00000   0.00000
   0.00000   0.03935   0.00000   0.00080   0.00000   0.00000   0.00000   0.00000   0.00000   0.00000   0.20300   0.00000   0.00000
   0.05560   0.00000   0.21787   0.00000   0.00000   0.00000   0.10010   0.00000   0.00000   0.00000   0.00000   0.00000   0.05735
   0.00000   0.04854   0.03900   0.01650   0.00000   0.00000   0.00000   0.02966   0.00000  -0.00000   0.26681   0.00000   0.00000
   0.03709   0.02051   0.02289   0.00000   0.00000   0.00465   0.00000  -0.00000   0.00000   0.10619  -0.00000   0.17393   0.00000
   0.21050   0.00000   0.00000   0.00000   0.00000   0.00000  -0.00000   0.00000   0.00197   0.00000   0.10447   0.01656   0.00000
   0.00000   0.00000   0.00000  -0.00000  -0.00000   0.00000   0.00000   0.77303   0.00000  -0.00000   0.00000   0.00000  -0.00000
   0.00000   0.24262   0.00000   0.03958   0.00000   0.00000   0.01624   0.00000   0.00000   0.28159  -0.00000   0.00000   0.00000
   1.00000   1.00000   1.00000   1.00000   1.00000   1.00000   1.00000   1.00000   1.00000   1.00000   1.00000   1.00000   1.00000

   0.35605   0.09725   0.23999   0.07268   0.07344   0.08568   0.07689   0.07114   0.17118   0.18165   0.16778   0.25212   0.14067
   0.18853   0.18483   0.19554   0.06733   0.04791   0.15447   0.06921   0.07639   0.09880   0.29298   0.06789   0.42595   0.05731
   0.12707   0.10340   0.32957   0.11092   0.04740   0.08671   0.02248   0.10591   0.12064   0.18399   0.03311   0.39475   0.18822
   0.12341   0.05372   0.45845   0.04462   0.07231   0.04296   0.14544   0.11696   0.24464   0.13953   0.24835   0.13178   0.12444
   0.13581   0.18195   0.36018   0.05423   0.04169   0.09893   0.07682   0.11736   0.11166   0.19544   0.09739   0.32646   0.15273
   0.13554   0.09067   0.39312   0.11782   0.05296   0.09378   0.06471   0.10788   0.11570   0.20830   0.08568   0.34473   0.17157
   0.20169   0.04830   0.44290   0.07168   0.06654   0.04175   0.12228   0.10611   0.25795   0.10631   0.14390   0.14506   0.16340
   0.31551   0.19030   0.05994   0.12302   0.05139   0.10482   0.08345   0.05113   0.05588   0.31285   0.20263   0.25040   0.08399
   0.14666   0.06580   0.05657   0.83948   0.01940   0.03348   0.26637   0.02024   0.14612   0.04540   0.02879   0.12868   0.05292
   0.13017   0.13798   0.04904   0.05792   0.04030   0.09376   0.95975   0.04295   0.12538   0.07700   0.07169   0.08234   0.09309
   0.59624   0.18099   0.01259   0.07823   0.08235   0.12091   0.03317   0.06676   0.09478   0.24456   0.30152   0.14864   0.05917
   0.17181   0.01341   0.11305   0.23841   0.03284   0.07402   0.08546   0.02545   0.43280   0.31156   0.16351   0.11746   0.08333
   0.04410   0.02667   0.06511   0.03284   0.05099   0.08821   0.09446   0.02967   0.31196   0.58703   0.13524   0.22966   0.04288
   0.30935   0.03292   0.06943   0.06959   0.01720   0.08418   0.02681   0.04178   0.87614   0.24381   0.11621   0.20118   0.09580
   0.08875   0.11183   0.01364   0.09294   0.03306   0.09400   0.03681   0.07996   0.23243   0.36931   0.02463   0.42927   0.07917
   0.26335   0.07004   0.05428   0.02492   0.04894   0.06709   0.01560   0.06878   0.06059   0.41629   0.10470   0.50250   0.09456
   0.25266   0.05818   0.11875   0.17916   0.03683   0.13003   0.06710   0.03948   0.38509   0.30948   0.14887   0.15713   0.13650
   0.06205   0.08494   0.17414   0.19841   0.03298   0.03596   0.28854   0.10583   0.42025   0.19083   0.25152   0.03375   0.02551
   0.24331   0.03141   0.19055   0.01566   0.01745   0.11470   0.05812   0.03607   0.32170   0.24286   0.03711   0.38576   0.23605
   0.29925   0.10049   0.14408   0.09727   0.13618   0.19269   0.05653   0.15251   0.09913   0.17076   0.19618   0.16633   0.72172
   0.24487   0.12570   0.19634   0.12143   0.11912   0.17431   0.07920   0.13512   0.13427   0.17733   0.22968   0.13536   0.61236
   0.30718   0.08844   0.12156   0.08929   0.12705   0.21272   0.05048   0.14176   0.08970   0.21501   0.16169   0.14226   0.70850
   0.43719   0.21276   0.20946   0.04607   0.04517   0.17962   0.04074   0.04246   0.14509   0.28594   0.09059   0.43708   0.13680
   0.26604   0.22384   0.02724   0.10340   0.05013   0.09061   0.03394   0.06166   0.13173   0.12940   0.28746   0.32618   0.05842
   0.25597   0.24770   0.02684   0.10573   0.05485   0.08056   0.03310   0.06755   0.13770   0.12710   0.30834   0.30453   0.05368
   0.23866   0.24200   0.02961   0.11156   0.05268   0.07628   0.05258   0.07634   0.14370   0.16602   0.29485   0.31693   0.08984
   0.14770   0.30802   0.02693   0.25743   0.05019   0.07103   0.05371   0.08316   0.21360   0.03884   0.34373   0.24654   0.04319
   0.21739   0.29597   0.01906   0.14229   0.05881   0.08210   0.03854   0.08504   0.15190   0.09386   0.36342   0.31105   0.05211
   0.04704   0.01586   0.03735   0.02883   0.04686   0.20029   0.05248   0.15483   0.09276   0.04338   0.24548   0.55866   0.26980
   0.17603   0.46820   0.06266   0.00920   0.09607   0.14777   0.00729   0.12162   0.02089   0.18176   0.35820   0.27661   0.17420
   0.05105   0.04245   0.06811   0.02970   0.98766   0.11499   0.02895   0.08747   0.04364   0.09519   0.09548   0.06150   0.07948
   0.04736   0.03708   0.08188   0.04216   0.04309   0.99826   0.03158   0.10737   0.04898   0.09460   0.12880   0.05458   0.10009
   0.38998   0.12413   0.28931   0.13399   0.08677   0.12809   0.09274   0.08315   0.04205   0.07475   0.03762   0.14324   0.49154
   0.28497   0.14996   0.13111   0.15411   0.10023   0.21561   0.08588   0.14868   0.13199   0.42909   0.22363   0.18457   0.43334
   0.17214   0.25246   0.07108   0.14334   0.08065   0.19248   0.07795   0.14993   0.10743   0.42506   0.28567   0.16181   0.29699
   0.08862   0.08953   0.37085   0.38637   0.05251   0.10843   0.12545   0.12465   0.09799   0.07379   0.28419   0.13427   0.16531
   0.01890   0.02955   0.35040   0.46909   0.04075   0.05391   0.15847   0.12656   0.03070   0.04792   0.33566   0.02371   0.18679
   0.11027   0.26490   0.07107   0.16844   0.09726   0.08731   0.07715   0.15865   0.13096   0.37262   0.49184   0.15525   0.25757
   0.31466   0.06512   0.41664   0.09697   0.07693   0.08170   0.21542   0.10500   0.09669   0.12166   0.10176   0.18717   0.30386
   0.11148   0.22151   0.16159   0.14895   0.09183   0.15802   0.08387   0.20015   0.09044   0.15067   0.50115   0.16475   0.10793
   0.36625   0.18287   0.08128   0.01678   0.04543   0.15127   0.01407   0.04437   0.03448   0.37024   0.10330   0.43423   0.07072
   0.55800   0.15272   0.01584   0.08026   0.06152   0.13730   0.03035   0.04825   0.16806   0.10558   0.33584   0.30416   0.03513
   0.09378   0.10075   0.07194   0.03384   0.09105   0.05867   0.02457   0.95694   0.04097   0.10506   0.07704   0.06925   0.08778
   0.13030   0.47478   0.01189   0.09757   0.05704   0.20242   0.07153   0.09709   0.08574   0.55422   0.12724   0.10160   0.07000
   1.00000   1.00000   1.00000   1.00000   1.00000   1.00000   1.00000   1.00000   1.00000   1.00000   1.00000   1.00000   1.00000
