
       0      -0.257
    0    0    0    0    0    0    0    0    0    0    0    0    0
    0    0    0    0    0    0    0    0    0    0    0    0    0
    0    0    0    0    0    0    0    0    0    0    0    0    0
    0    0    0    0    0    0    0    0    0    0    0    0    0


   0.22042E-01   0.00000E+00   0.19093E-01   0.00000E+00   0.24815E-02   0.00000E+00   0.15236E-02   0.00000E+00   0.45338E-02   0.19698E-02   0.55363E-02   0.81844E-02   0.25188E-02
   0.00000E+00   0.15527E-02   0.32371E-02   0.26987E-04   0.00000E+00   0.92706E-03   0.39344E-03   0.00000E+00   0.00000E+00   0.28341E-02  -0.43116E-19   0.65149E-02   0.00000E+00
   0.00000E+00   0.83056E-02   0.58669E-01   0.12323E-01   0.00000E+00   0.00000E+00   0.00000E+00   0.44938E-02   0.00000E+00   0.65718E-02   0.00000E+00   0.57562E-01   0.14292E-01
   0.00000E+00  -0.89297E-18   0.13684E+00   0.00000E+00   0.65999E-02   0.00000E+00   0.28474E-01   0.00000E+00   0.25028E-01   0.00000E+00   0.51804E-01   0.00000E+00   0.19225E-02
   0.00000E+00   0.51103E-02   0.18401E-01  -0.59839E-19  -0.17407E-19   0.00000E+00   0.12078E-02   0.15476E-02   0.00000E+00   0.21595E-02   0.34779E-04   0.11346E-01   0.23368E-02
   0.00000E+00   0.88860E-04   0.22163E-01   0.26991E-02   0.00000E+00   0.00000E+00   0.00000E+00   0.54009E-03   0.00000E+00   0.29933E-02   0.00000E+00   0.13698E-01   0.32337E-02
   0.64523E-03   0.00000E+00   0.53499E-02   0.00000E+00   0.19895E-03   0.00000E+00   0.69257E-03   0.67575E-04   0.15530E-02  -0.22370E-19   0.60112E-03   0.00000E+00   0.71605E-03
   0.82580E-03   0.32192E-03   0.00000E+00   0.28789E-03   0.00000E+00   0.48549E-06   0.17486E-03  -0.11197E-19   0.00000E+00   0.93222E-03   0.44015E-03   0.59855E-03   0.00000E+00
   0.00000E+00  -0.64275E-20   0.98418E-05   0.43744E-02   0.00000E+00   0.00000E+00   0.21580E-03   0.00000E+00   0.00000E+00   0.00000E+00   0.00000E+00   0.00000E+00   0.00000E+00
  -0.10235E-18   0.00000E+00   0.00000E+00   0.11966E-04   0.00000E+00   0.00000E+00   0.86658E-02   0.00000E+00   0.00000E+00   0.00000E+00   0.00000E+00   0.00000E+00   0.00000E+00
   0.52255E-02   0.59998E-04   0.00000E+00   0.38226E-03   0.22313E-03   0.00000E+00  -0.75901E-20   0.00000E+00   0.00000E+00   0.13609E-02   0.17904E-02   0.00000E+00   0.00000E+00
   0.55730E-02   0.00000E+00   0.16586E-01   0.59721E-01  -0.14977E-18   0.00000E+00   0.31919E-02   0.00000E+00   0.10632E+00   0.53721E-01   0.21428E-01  -0.16484E-18   0.31147E-02
   0.00000E+00   0.00000E+00   0.66097E-02   0.00000E+00   0.00000E+00   0.00000E+00   0.11611E-01   0.00000E+00   0.46026E-01   0.97145E-01   0.68967E-02   0.10660E-01   0.00000E+00
   0.31130E-02  -0.14730E-21  -0.18456E-18   0.00000E+00   0.00000E+00   0.00000E+00   0.00000E+00  -0.80624E-19   0.59851E-01   0.00000E+00   0.00000E+00  -0.19936E-17   0.00000E+00
  -0.54001E-20   0.18769E-01   0.00000E+00   0.17619E-01  -0.14144E-19   0.00000E+00   0.66814E-03   0.84519E-02   0.42877E-01   0.68980E-01   0.00000E+00   0.10024E+00   0.00000E+00
   0.29520E-01  -0.20238E-18   0.62398E-02  -0.10309E-19   0.00000E+00   0.00000E+00   0.00000E+00   0.32288E-02   0.00000E+00   0.72528E-01   0.39159E-02   0.11047E+00   0.16412E-02
   0.12701E-01  -0.22368E-19   0.82474E-02   0.19056E-01   0.00000E+00   0.49412E-02   0.00000E+00   0.00000E+00   0.41851E-01   0.23648E-01   0.59171E-02   0.00000E+00   0.44864E-02
   0.00000E+00   0.00000E+00   0.26583E-01   0.23374E-01   0.00000E+00   0.00000E+00   0.70862E-01   0.85144E-02   0.88903E-01   0.00000E+00   0.45983E-01   0.00000E+00   0.00000E+00
   0.48819E-03   0.00000E+00   0.81879E-03   0.00000E+00   0.00000E+00   0.00000E+00   0.00000E+00   0.00000E+00   0.12382E-02   0.65698E-03   0.00000E+00   0.17280E-02   0.80030E-03
   0.00000E+00   0.38034E-02   0.00000E+00   0.12693E-01   0.00000E+00  -0.49118E-17   0.00000E+00   0.00000E+00   0.00000E+00  -0.41958E-18   0.00000E+00   0.00000E+00   0.28744E+00
  -0.12509E-17   0.17722E-02   0.52857E-02   0.25736E-02   0.00000E+00   0.00000E+00   0.00000E+00   0.00000E+00   0.00000E+00   0.00000E+00   0.28287E-02   0.00000E+00   0.50507E-01
   0.00000E+00   0.62033E-03  -0.69632E-18   0.57507E-02   0.00000E+00   0.00000E+00   0.00000E+00   0.00000E+00   0.00000E+00   0.00000E+00   0.00000E+00   0.00000E+00   0.13512E+00
   0.34804E-01   0.12590E-01   0.20388E-01   0.00000E+00   0.00000E+00   0.35177E-03   0.00000E+00   0.00000E+00   0.00000E+00   0.14436E-01   0.00000E+00   0.50660E-01   0.00000E+00
   0.32481E-01   0.33799E-01   0.00000E+00   0.19430E-01   0.00000E+00   0.00000E+00   0.00000E+00   0.00000E+00   0.13100E-01   0.73098E-02   0.53849E-01   0.63828E-01   0.00000E+00
   0.44362E-02   0.62349E-02   0.00000E+00   0.31261E-02   0.00000E+00   0.00000E+00   0.00000E+00   0.00000E+00   0.23772E-02   0.13229E-02   0.95087E-02   0.87729E-02   0.00000E+00
   0.84653E-03   0.11709E-02   0.00000E+00   0.58668E-03   0.00000E+00   0.00000E+00   0.71836E-04   0.00000E+00   0.37337E-03   0.39592E-03   0.19187E-02   0.20014E-02   0.55482E-04
  -0.34424E-19   0.10639E-01   0.00000E+00   0.11746E-01  -0.11453E-18  -0.20928E-19   0.00000E+00   0.00000E+00   0.54617E-02   0.00000E+00   0.13025E-01   0.60089E-02   0.00000E+00
   0.12075E-02   0.73628E-02   0.00000E+00   0.43144E-02   0.00000E+00   0.00000E+00   0.00000E+00   0.00000E+00   0.24367E-02   0.00000E+00   0.10657E-01   0.73770E-02  -0.43690E-20
   0.00000E+00   0.00000E+00   0.00000E+00   0.00000E+00   0.00000E+00   0.78074E-03   0.29729E-03   0.11885E-02   0.00000E+00   0.00000E+00   0.19908E-02   0.75553E-02   0.22206E-02
  -0.37019E-19   0.49177E-02   0.00000E+00   0.00000E+00   0.11885E-03   0.00000E+00   0.00000E+00   0.00000E+00   0.00000E+00   0.23905E-03   0.31290E-02   0.15112E-02   0.11286E-02
   0.00000E+00   0.00000E+00   0.00000E+00   0.00000E+00   0.70437E+02   0.00000E+00   0.00000E+00   0.00000E+00   0.00000E+00  -0.51825E-18   0.00000E+00   0.00000E+00   0.00000E+00
   0.00000E+00  -0.62686E-17   0.00000E+00   0.00000E+00   0.00000E+00   0.44953E+01  -0.71897E-17   0.00000E+00   0.00000E+00   0.00000E+00   0.00000E+00   0.00000E+00  -0.57855E-16
   0.50967E-01   0.32901E-02   0.46336E-01   0.12999E-01  -0.25157E-17  -0.18500E-17   0.60309E-02  -0.87262E-18   0.00000E+00   0.00000E+00   0.00000E+00  -0.10090E-17   0.10051E+00
   0.00000E+00   0.00000E+00   0.00000E+00   0.89205E-01   0.00000E+00   0.00000E+00   0.00000E+00   0.00000E+00   0.00000E+00   0.40913E+00   0.27401E-01   0.00000E+00   0.69536E+00
  -0.42468E-17   0.15315E+00   0.00000E+00   0.60082E-01   0.00000E+00   0.00000E+00   0.00000E+00   0.15984E-01   0.00000E+00   0.30893E+00   0.18149E+00   0.00000E+00   0.20896E+00
   0.00000E+00   0.00000E+00   0.13754E-01   0.13430E-01   0.00000E+00   0.00000E+00   0.00000E+00   0.95779E-04   0.00000E+00   0.00000E+00   0.88230E-02   0.00000E+00   0.29164E-03
   0.00000E+00   0.00000E+00   0.26852E-01   0.40703E-01   0.00000E+00   0.00000E+00   0.00000E+00   0.12299E-02   0.00000E+00   0.00000E+00   0.26830E-01   0.00000E+00   0.00000E+00
   0.00000E+00   0.11466E-03   0.00000E+00   0.69525E-04   0.00000E+00   0.00000E+00   0.00000E+00   0.00000E+00   0.00000E+00   0.12014E-03   0.36372E-03   0.00000E+00   0.60739E-04
   0.17336E-01   0.00000E+00   0.40546E-01   0.00000E+00   0.00000E+00   0.00000E+00   0.20991E-01  -0.86586E-18   0.00000E+00   0.00000E+00   0.00000E+00   0.00000E+00   0.19093E-01
   0.00000E+00   0.18054E-03   0.13898E-03   0.96561E-04   0.00000E+00   0.40939E-04   0.23709E-04   0.14386E-03   0.00000E+00   0.00000E+00   0.65176E-03   0.00000E+00   0.00000E+00
   0.20806E-01   0.11079E-01   0.75911E-02   0.00000E+00   0.00000E+00   0.75366E-02   0.00000E+00  -0.30314E-18   0.00000E+00   0.35456E-01   0.00000E+00   0.50135E-01  -0.37844E-18
   0.42141E-01   0.22038E-03   0.00000E+00   0.87196E-03   0.00000E+00   0.00000E+00  -0.61070E-20   0.00000E+00   0.70937E-02   0.00000E+00   0.25383E-01   0.11860E-01   0.00000E+00
   0.00000E+00   0.19269E-02   0.00000E+00   0.00000E+00  -0.37422E-18   0.00000E+00   0.00000E+00   0.13580E+00   0.00000E+00  -0.41892E-18   0.00000E+00   0.00000E+00  -0.30464E-18
   0.00000E+00   0.35210E-01   0.00000E+00   0.70087E-02   0.00000E+00   0.36223E-03   0.35271E-02   0.00000E+00   0.00000E+00   0.44019E-01   0.00000E+00   0.00000E+00   0.00000E+00
   0.10000E+01   0.10000E+01   0.10000E+01   0.10000E+01   0.10000E+01   0.10000E+01   0.10000E+01   0.10000E+01   0.10000E+01   0.10000E+01   0.10000E+01   0.10000E+01   0.10000E+01

   0.38202E-01   0.84239E-02   0.26540E-01   0.63495E-02   0.74278E-02   0.63713E-02   0.75874E-02   0.62294E-02   0.16681E-01   0.16599E-01   0.16736E-01   0.24479E-01   0.13002E-01
   0.35227E-02   0.37869E-02   0.45498E-02   0.12577E-02   0.82400E-03   0.31682E-02   0.14316E-02   0.14539E-02   0.17358E-02   0.62570E-02   0.10086E-02   0.98318E-02   0.53591E-03
   0.20950E-01   0.21231E-01   0.75501E-01   0.24061E-01   0.81716E-02   0.14014E-01   0.20198E-02   0.20948E-01   0.22581E-01   0.34017E-01   0.31204E-02   0.89341E-01   0.35464E-01
   0.33466E-01   0.11940E-01   0.16867E+00   0.71848E-02   0.22414E-01   0.77056E-02   0.50349E-01   0.35317E-01   0.79635E-01   0.38410E-01   0.85854E-01   0.39455E-01   0.37039E-01
   0.64433E-02   0.10849E-01   0.23554E-01   0.23033E-02   0.19517E-02   0.49802E-02   0.47282E-02   0.67277E-02   0.54279E-02   0.10624E-01   0.49591E-02   0.20388E-01   0.81212E-02
   0.70950E-02   0.52027E-02   0.28469E-01   0.79277E-02   0.30312E-02   0.50509E-02   0.36517E-02   0.65548E-02   0.60655E-02   0.12481E-01   0.45460E-02   0.23973E-01   0.10319E-01
   0.26756E-02   0.57609E-03   0.67357E-02   0.76572E-03   0.86119E-03   0.30814E-03   0.17476E-02   0.13446E-02   0.35687E-02   0.10268E-02   0.19598E-02   0.17920E-02   0.21430E-02
   0.14328E-02   0.88354E-03   0.23991E-03   0.58378E-03   0.20028E-03   0.40551E-03   0.38294E-03   0.17302E-03   0.14838E-03   0.15084E-02   0.94961E-03   0.11414E-02   0.33232E-03
   0.65586E-03   0.27486E-03   0.30612E-03   0.51012E-02   0.70857E-04   0.79372E-04   0.12366E-02   0.49605E-04   0.43293E-03   0.99562E-04   0.66809E-04   0.63714E-03   0.20019E-03
   0.76348E-03   0.12244E-02   0.37124E-03   0.53583E-03   0.32126E-03   0.80630E-03   0.10074E-01   0.25572E-03   0.10634E-02   0.54673E-03   0.53068E-03   0.66281E-03   0.81696E-03
   0.71048E-02   0.19800E-02   0.69507E-04   0.88564E-03   0.90116E-03   0.79722E-03   0.26712E-03   0.65371E-03   0.95276E-03   0.27236E-02   0.33679E-02   0.96992E-03   0.40932E-03
   0.56276E-01   0.20112E-02   0.38252E-01   0.89129E-01   0.93494E-02   0.18705E-01   0.25588E-01   0.41473E-02   0.16040E+00   0.10208E+00   0.57027E-01   0.33425E-01   0.25242E-01
   0.40154E-02   0.34108E-02   0.13438E-01   0.38888E-02   0.97347E-02   0.14357E-01   0.19129E-01   0.45782E-02   0.66638E-01   0.12688E+00   0.27427E-01   0.41211E-01   0.37871E-02
   0.23111E-01   0.20178E-02   0.52180E-02   0.55833E-02   0.11245E-02   0.33670E-02   0.13473E-02   0.24760E-02   0.78533E-01   0.13372E-01   0.83633E-02   0.13713E-01   0.74032E-02
   0.18126E-01   0.33611E-01   0.19792E-02   0.29359E-01   0.75895E-02   0.22237E-01   0.90140E-02   0.23223E-01   0.71421E-01   0.11373E+00   0.32938E-02   0.13901E+00   0.19591E-01
   0.70096E-01   0.14443E-01   0.15066E-01   0.42423E-02   0.11641E-01   0.92857E-02   0.24912E-02   0.17479E-01   0.13618E-01   0.11792E+00   0.27535E-01   0.14899E+00   0.23263E-01
   0.44088E-01   0.73570E-02   0.20693E-01   0.33387E-01   0.51650E-02   0.20033E-01   0.97131E-02   0.44321E-02   0.70879E-01   0.50775E-01   0.25367E-01   0.23949E-01   0.21976E-01
   0.10544E-01   0.21578E-01   0.58783E-01   0.64076E-01   0.66756E-02   0.62854E-02   0.10352E+00   0.34881E-01   0.15209E+00   0.49764E-01   0.88526E-01   0.45830E-02   0.36963E-02
   0.18171E-02   0.11555E-03   0.15064E-02   0.49682E-04   0.60469E-04   0.77743E-03   0.38218E-03   0.14660E-03   0.25649E-02   0.18881E-02   0.13523E-03   0.31333E-02   0.17682E-02
   0.13687E+00   0.41392E-01   0.57825E-01   0.45976E-01   0.58670E-01   0.76503E-01   0.17953E-01   0.62229E-01   0.37106E-01   0.57103E-01   0.66369E-01   0.46741E-01   0.37263E+00
   0.23039E-01   0.11314E-01   0.18749E-01   0.11879E-01   0.10613E-01   0.15040E-01   0.60856E-02   0.11563E-01   0.11537E-01   0.12755E-01   0.19358E-01   0.72669E-02   0.68522E-01
   0.67453E-01   0.18313E-01   0.23591E-01   0.20456E-01   0.25675E-01   0.42882E-01   0.75449E-02   0.27615E-01   0.15085E-01   0.41904E-01   0.21080E-01   0.16312E-01   0.17563E+00
   0.85230E-01   0.42307E-01   0.45385E-01   0.48119E-02   0.51102E-02   0.33588E-01   0.47671E-02   0.41995E-02   0.27055E-01   0.55165E-01   0.10229E-01   0.95132E-01   0.18025E-01
   0.68472E-01   0.63315E-01   0.62556E-02   0.30461E-01   0.10780E-01   0.20919E-01   0.73845E-02   0.13741E-01   0.35194E-01   0.32141E-01   0.81675E-01   0.94553E-01   0.13627E-01
   0.10207E-01   0.11124E-01   0.94883E-03   0.49211E-02   0.19438E-02   0.28151E-02   0.11081E-02   0.24496E-02   0.58549E-02   0.50875E-02   0.13869E-01   0.13692E-01   0.19203E-02
   0.21414E-02   0.23777E-02   0.17757E-03   0.11230E-02   0.39700E-03   0.55493E-03   0.45225E-03   0.63037E-03   0.13284E-02   0.14934E-02   0.29932E-02   0.32480E-02   0.77516E-03
   0.54521E-02   0.16887E-01   0.85224E-03   0.15272E-01   0.20623E-02   0.28717E-02   0.18198E-02   0.39549E-02   0.11370E-01   0.87383E-03   0.18493E-01   0.13187E-01   0.82012E-03
   0.73969E-02   0.12453E-01   0.41996E-03   0.63015E-02   0.18976E-02   0.26363E-02   0.11346E-02   0.30940E-02   0.60192E-02   0.31426E-02   0.15326E-01   0.12931E-01   0.11010E-02
   0.28359E-03   0.10177E-03   0.33444E-03   0.28013E-03   0.43408E-03   0.29340E-02   0.82444E-03   0.25336E-02   0.13841E-02   0.27889E-03   0.38270E-02   0.99754E-02   0.44077E-02
   0.20297E-02   0.78350E-02   0.83898E-03   0.62112E-04   0.14121E-02   0.20751E-02   0.48401E-04   0.17253E-02   0.14119E-03   0.26431E-02   0.57032E-02   0.43860E-02   0.27328E-02
   0.31067E+01   0.27438E+01   0.50747E+01   0.22249E+01   0.81255E+02   0.82104E+01   0.21168E+01   0.61272E+01   0.31196E+01   0.67106E+01   0.64186E+01   0.43214E+01   0.55135E+01
   0.19386E+00   0.14401E+00   0.38299E+00   0.20396E+00   0.17705E+00   0.52379E+01   0.14091E+00   0.37131E+00   0.21808E+00   0.29586E+00   0.56046E+00   0.21040E+00   0.42103E+00
   0.11928E+00   0.33564E-01   0.85174E-01   0.37627E-01   0.21140E-01   0.29709E-01   0.24433E-01   0.18118E-01   0.54877E-02   0.91221E-02   0.47691E-02   0.28626E-01   0.15088E+00
   0.72388E+00   0.33006E+00   0.29223E+00   0.43423E+00   0.21157E+00   0.47205E+00   0.17217E+00   0.35763E+00   0.22793E+00   0.11390E+01   0.55637E+00   0.39234E+00   0.12481E+01
   0.20910E+00   0.37190E+00   0.65663E-01   0.22818E+00   0.86261E-01   0.23437E+00   0.89021E-01   0.21096E+00   0.10450E+00   0.65681E+00   0.43448E+00   0.20418E+00   0.46115E+00
   0.26484E-02   0.36260E-02   0.20412E-01   0.21841E-01   0.18869E-02   0.42211E-02   0.54329E-02   0.56725E-02   0.26737E-02   0.18259E-02   0.14894E-01   0.61229E-02   0.74558E-02
   0.97615E-03   0.16332E-02   0.45385E-01   0.65133E-01   0.26926E-02   0.36960E-02   0.17072E-01   0.14111E-01   0.15656E-02   0.25171E-02   0.42844E-01   0.12113E-02   0.21405E-01
   0.69064E-04   0.29473E-03   0.45531E-04   0.20252E-03   0.81419E-04   0.49026E-04   0.56653E-04   0.15814E-03   0.98770E-04   0.41193E-03   0.60320E-03   0.14389E-03   0.28127E-03
   0.41736E-01   0.41496E-02   0.58416E-01   0.96052E-02   0.86824E-02   0.63161E-02   0.31623E-01   0.11888E-01   0.67057E-02   0.10646E-01   0.11166E-01   0.22117E-01   0.40085E-01
   0.10671E-03   0.37548E-03   0.28415E-03   0.25641E-03   0.12526E-03   0.24764E-03   0.13483E-03   0.35467E-03   0.10219E-03   0.19482E-03   0.96230E-03   0.25074E-03   0.13160E-03
   0.63735E-01   0.32883E-01   0.14940E-01   0.15278E-02   0.66142E-02   0.25543E-01   0.13534E-02   0.59916E-02   0.29697E-02   0.69335E-01   0.15518E-01   0.83589E-01   0.89584E-02
   0.64962E-01   0.16473E-01   0.96540E-03   0.86175E-02   0.66184E-02   0.12565E-01   0.25448E-02   0.40318E-02   0.19998E-01   0.70696E-02   0.40661E-01   0.31032E-01   0.15810E-02
   0.12313E-01   0.14354E-01   0.10761E-01   0.46910E-02   0.10933E-01   0.63683E-02   0.31544E-02   0.15379E+00   0.54453E-02   0.12680E-01   0.75759E-02   0.66193E-02   0.86279E-02
   0.87329E-02   0.51620E-01   0.52778E-03   0.10560E-01   0.44888E-02   0.19243E-01   0.70508E-02   0.94977E-02   0.51306E-02   0.62951E-01   0.80704E-02   0.49046E-02   0.25356E-02
   0.10000E+01   0.10000E+01   0.10000E+01   0.10000E+01   0.10000E+01   0.10000E+01   0.10000E+01   0.10000E+01   0.10000E+01   0.10000E+01   0.10000E+01   0.10000E+01   0.10000E+01

   0.17551   0.00000   0.15150   0.00000   0.01965   0.00000   0.01206   0.00000   0.03593   0.01553   0.04396   0.06456   0.02000
   0.00000   0.05967   0.12423   0.00103   0.00000   0.03550   0.01506   0.00000   0.00000   0.10822   0.00000   0.25037   0.00000
   0.00000   0.03262   0.23120   0.04841   0.00000   0.00000   0.00000   0.01763   0.00000   0.02577   0.00000   0.22623   0.05619
   0.00000   0.00000   0.34047   0.00000   0.01634   0.00000   0.07049   0.00000   0.06204   0.00000   0.12823   0.00000   0.00476
   0.00000   0.07054   0.25421  -0.00000  -0.00000   0.00000   0.01662   0.02127   0.00000   0.02967   0.00048   0.15633   0.03222
   0.00000   0.00111   0.27716   0.03361   0.00000   0.00000   0.00000   0.00671   0.00000   0.03724   0.00000   0.17073   0.04036
   0.03817   0.00000   0.31795   0.00000   0.01177   0.00000   0.04106   0.00400   0.09208  -0.00000   0.03563   0.00000   0.04242
   0.14456   0.05647   0.00000   0.05044   0.00000   0.00008   0.03057   0.00000   0.00000   0.16291   0.07717   0.10462   0.00000
   0.00000  -0.00000   0.00153   0.68263   0.00000   0.00000   0.03378   0.00000   0.00000   0.00000   0.00000   0.00000   0.00000
  -0.00000   0.00000   0.00000   0.00107   0.00000   0.00000   0.80546   0.00000   0.00000   0.00000   0.00000   0.00000   0.00000
   0.38733   0.00441   0.00000   0.02810   0.01643   0.00000  -0.00000   0.00000   0.00000   0.10014   0.13183   0.00000   0.00000
   0.01334   0.00000   0.03975   0.14326  -0.00000   0.00000   0.00764   0.00000   0.25579   0.12855   0.05134  -0.00000   0.00747
   0.00000   0.00000   0.02716   0.00000   0.00000   0.00000   0.04787   0.00000   0.18941   0.40047   0.02839   0.04363   0.00000
   0.03280  -0.00000  -0.00000   0.00000   0.00000   0.00000   0.00000  -0.00000   0.63257   0.00000   0.00000   0.00000   0.00000
  -0.00000   0.05214   0.00000   0.04885  -0.00000   0.00000   0.00185   0.02344   0.11919   0.19150   0.00000   0.27890   0.00000
   0.08825  -0.00000   0.01866  -0.00000   0.00000   0.00000   0.00000   0.00965   0.00000   0.21701   0.01172   0.33162   0.00491
   0.05925  -0.00000   0.03835   0.08860   0.00000   0.02297   0.00000   0.00000   0.19494   0.10952   0.02759   0.00000   0.02094
   0.00000   0.00000   0.06531   0.05691   0.00000   0.00000   0.17450   0.02079   0.21712   0.00000   0.11252   0.00000   0.00000
   0.05088   0.00000   0.08574   0.00000   0.00000   0.00000   0.00000   0.00000   0.13046   0.06862   0.00000   0.18128   0.08428
   0.00000   0.00665   0.00000   0.02218   0.00000   0.00000   0.00000   0.00000   0.00000   0.00000   0.00000   0.00000   0.50975
  -0.00000   0.01440   0.04296   0.02092   0.00000   0.00000   0.00000   0.00000   0.00000   0.00000   0.02297   0.00000   0.41598
   0.00000   0.00226   0.00000   0.02090   0.00000   0.00000   0.00000   0.00000   0.00000   0.00000   0.00000   0.00000   0.49830
   0.13455   0.04939   0.08044   0.00000   0.00000   0.00138   0.00000   0.00000   0.00000   0.05560   0.00000   0.19717   0.00000
   0.09742   0.10122   0.00000   0.05818   0.00000   0.00000   0.00000   0.00000   0.03926   0.02183   0.16160   0.19140   0.00000
   0.08435   0.11849   0.00000   0.05937   0.00000   0.00000   0.00000   0.00000   0.04519   0.02507   0.18092   0.16687   0.00000
   0.07144   0.09902   0.00000   0.04949   0.00000   0.00000   0.00606   0.00000   0.03150   0.03328   0.16241   0.16894   0.00468
  -0.00000   0.16841   0.00000   0.18542  -0.00000  -0.00000   0.00000   0.00000   0.08623   0.00000   0.20583   0.09508   0.00000
   0.02465   0.15060   0.00000   0.08811   0.00000   0.00000   0.00000   0.00000   0.04978   0.00000   0.21818   0.15101   0.00000
   0.00000   0.00000   0.00000   0.00000   0.00000   0.03950   0.01506   0.06012   0.00000   0.00000   0.10098   0.38424   0.11308
  -0.00000   0.25268   0.00000   0.00000   0.00608   0.00000   0.00000   0.00000   0.00000   0.01222   0.16066   0.07749   0.05788
   0.00000   0.00000   0.00000   0.00000   0.85143   0.00000   0.00000   0.00000   0.00000  -0.00000   0.00000   0.00000   0.00000
   0.00000   0.00000   0.00000   0.00000   0.00000   0.81636   0.00000   0.00000   0.00000   0.00000   0.00000   0.00000  -0.00000
   0.14501   0.00936   0.13228   0.03698   0.00000   0.00000   0.01718  -0.00000   0.00000   0.00000   0.00000   0.00000   0.28773
   0.00000   0.00000   0.00000   0.02656   0.00000   0.00000   0.00000   0.00000   0.00000   0.12129   0.00819   0.00000   0.20863
  -0.00000   0.08226   0.00000   0.03234   0.00000   0.00000   0.00000   0.00856   0.00000   0.16602   0.09792   0.00000   0.11303
   0.00000   0.00000   0.22665   0.22027   0.00000   0.00000   0.00000   0.00155   0.00000   0.00000   0.14460   0.00000   0.00475
   0.00000   0.00000   0.18121   0.27564   0.00000   0.00000   0.00000   0.00819   0.00000   0.00000   0.18061   0.00000   0.00000
   0.00000   0.08233   0.00000   0.04994   0.00000   0.00000   0.00000   0.00000   0.00000   0.08553   0.26180   0.00000   0.04383
   0.10779   0.00000   0.25384   0.00000   0.00000   0.00000   0.13127   0.00000   0.00000   0.00000   0.00000   0.00000   0.11986
   0.00000   0.08556   0.06596   0.04578   0.00000   0.01934   0.01120   0.06800   0.00000   0.00000   0.31433   0.00000   0.00000
   0.09519   0.05012   0.03453   0.00000   0.00000   0.03418   0.00000   0.00000   0.00000   0.16033   0.00000   0.22645  -0.00000
   0.29931   0.00155   0.00000   0.00616   0.00000   0.00000   0.00000   0.00000   0.04971   0.00000   0.17890   0.08271   0.00000
   0.00000   0.01107   0.00000   0.00000  -0.00000   0.00000   0.00000   0.78951   0.00000   0.00000   0.00000   0.00000  -0.00000
   0.00000   0.28393   0.00000   0.05638   0.00000   0.00291   0.02837   0.00000   0.00000   0.35395   0.00000   0.00000   0.00000
   1.00000   1.00000   1.00000   1.00000   1.00000   1.00000   1.00000   1.00000   1.00000   1.00000   1.00000   1.00000   1.00000

   0.30037   0.06647   0.20920   0.05019   0.05857   0.05032   0.05988   0.04931   0.13153   0.13161   0.13165   0.19397   0.10241
   0.13477   0.14417   0.17348   0.04803   0.03151   0.12083   0.05468   0.05556   0.06637   0.23929   0.03847   0.37359   0.02047
   0.08206   0.08315   0.29529   0.09418   0.03204   0.05496   0.00792   0.08214   0.08849   0.13345   0.01224   0.34936   0.13892
   0.08272   0.02950   0.41541   0.01778   0.05537   0.01906   0.12436   0.08737   0.19634   0.09507   0.21208   0.09771   0.09134
   0.08857   0.14890   0.32301   0.03165   0.02682   0.06843   0.06493   0.09253   0.07463   0.14625   0.06817   0.27974   0.11133
   0.08822   0.06454   0.35286   0.09850   0.03768   0.06276   0.04537   0.08154   0.07546   0.15518   0.05652   0.29747   0.12792
   0.15835   0.03405   0.39759   0.04540   0.05094   0.01824   0.10327   0.07962   0.21080   0.06089   0.11588   0.10598   0.12648
   0.24998   0.15383   0.04187   0.10170   0.03503   0.07075   0.06687   0.03021   0.02593   0.26332   0.16543   0.19930   0.05789
   0.10140   0.04263   0.04734   0.79089   0.01095   0.01230   0.19076   0.00767   0.06707   0.01541   0.01034   0.09893   0.03088
   0.06920   0.11095   0.03362   0.04840   0.02910   0.07298   0.90419   0.02316   0.09620   0.04955   0.04809   0.06001   0.07384
   0.52035   0.14604   0.00511   0.06517   0.06623   0.05857   0.01964   0.04818   0.07022   0.20045   0.24799   0.07135   0.03000
   0.13450   0.00482   0.09142   0.21272   0.02237   0.04481   0.06129   0.00994   0.38224   0.24435   0.13620   0.08005   0.06028
   0.01652   0.01405   0.05524   0.01597   0.03989   0.05904   0.07842   0.01875   0.27374   0.51941   0.11237   0.16943   0.01555
   0.24317   0.02125   0.05495   0.05878   0.01184   0.03546   0.01419   0.02608   0.82554   0.14091   0.08800   0.14446   0.07793
   0.05030   0.09307   0.00549   0.08140   0.02104   0.06166   0.02499   0.06436   0.19748   0.31524   0.00914   0.38409   0.05431
   0.20942   0.04313   0.04501   0.01267   0.03477   0.02777   0.00744   0.05225   0.04066   0.35199   0.08222   0.44405   0.06949
   0.20382   0.03409   0.09586   0.15473   0.02398   0.09299   0.04500   0.02057   0.32800   0.23622   0.11732   0.11147   0.10149
   0.02569   0.05249   0.14214   0.15638   0.01623   0.01530   0.25006   0.08457   0.36906   0.12138   0.21461   0.01115   0.00899
   0.19044   0.01207   0.15739   0.00519   0.00631   0.08113   0.03971   0.01533   0.26622   0.19757   0.01413   0.32703   0.18380
   0.23811   0.07223   0.10093   0.08008   0.10226   0.13345   0.03133   0.10852   0.06472   0.09973   0.11594   0.08160   0.64514
   0.18608   0.09163   0.15160   0.09614   0.08595   0.12177   0.04932   0.09362   0.09348   0.10339   0.15691   0.05895   0.54932
   0.24440   0.06651   0.08567   0.07418   0.09310   0.15545   0.02739   0.10018   0.05476   0.15208   0.07668   0.05926   0.63283
   0.33071   0.16223   0.17306   0.01859   0.01974   0.12920   0.01842   0.01627   0.10380   0.21550   0.03956   0.36724   0.06934
   0.20464   0.18920   0.01874   0.09103   0.03224   0.06257   0.02209   0.04109   0.10506   0.09633   0.24373   0.28224   0.04073
   0.19366   0.21079   0.01803   0.09330   0.03687   0.05343   0.02103   0.04648   0.11089   0.09667   0.26268   0.25930   0.03642
   0.18016   0.19956   0.01495   0.09444   0.03342   0.04676   0.03807   0.05308   0.11168   0.12610   0.25113   0.27300   0.06517
   0.08632   0.26541   0.01343   0.23976   0.03251   0.04528   0.02867   0.06235   0.17867   0.01378   0.29113   0.20755   0.01292
   0.15123   0.25356   0.00857   0.12830   0.03871   0.05379   0.02314   0.06312   0.12258   0.06422   0.31188   0.26313   0.02246
   0.01435   0.00515   0.01693   0.01418   0.02198   0.14869   0.04170   0.12829   0.06996   0.01412   0.19399   0.50288   0.22176
   0.10395   0.39913   0.04271   0.00317   0.07215   0.10610   0.00247   0.08830   0.00721   0.13510   0.29079   0.22407   0.13929
   0.03667   0.03237   0.05977   0.02620   0.95243   0.09690   0.02492   0.07228   0.03675   0.07906   0.07566   0.05095   0.06491
   0.03464   0.02574   0.06841   0.03641   0.03163   0.93068   0.02517   0.06635   0.03897   0.05290   0.10010   0.03761   0.07526
   0.33843   0.09526   0.24173   0.10689   0.05997   0.08425   0.06937   0.05155   0.01560   0.02590   0.01355   0.08140   0.42729
   0.21352   0.09745   0.08569   0.12710   0.06237   0.13964   0.05086   0.10571   0.06740   0.33726   0.16343   0.11631   0.36566
   0.11148   0.19830   0.03496   0.12087   0.04599   0.12533   0.04760   0.11258   0.05582   0.35001   0.23074   0.10922   0.24435
   0.04304   0.05898   0.32732   0.35126   0.03064   0.06836   0.08820   0.09204   0.04347   0.02973   0.23977   0.09941   0.12101
   0.00653   0.01094   0.29903   0.42920   0.01799   0.02465   0.11412   0.09437   0.01047   0.01686   0.28300   0.00810   0.14272
   0.04915   0.20846   0.03225   0.14203   0.05780   0.03492   0.04030   0.11221   0.07015   0.29324   0.42521   0.10241   0.19790
   0.26017   0.02578   0.36210   0.05974   0.05388   0.03924   0.19492   0.07404   0.04167   0.06628   0.06883   0.13724   0.24716
   0.05046   0.17665   0.13345   0.12039   0.05902   0.11690   0.06357   0.16638   0.04826   0.09239   0.44560   0.11778   0.06219
   0.28635   0.14945   0.06743   0.00692   0.03000   0.11566   0.00613   0.02722   0.01345   0.31688   0.06987   0.37927   0.04051
   0.45266   0.11594   0.00681   0.05998   0.04659   0.08864   0.01789   0.02839   0.14067   0.04989   0.28500   0.21887   0.01111
   0.07069   0.08244   0.06170   0.02691   0.06279   0.03658   0.01810   0.87891   0.03124   0.07285   0.04349   0.03801   0.04955
   0.07024   0.41461   0.00425   0.08488   0.03610   0.15464   0.05670   0.07640   0.04122   0.50525   0.06478   0.03946   0.02037
   1.00000   1.00000   1.00000   1.00000   1.00000   1.00000   1.00000   1.00000   1.00000   1.00000   1.00000   1.00000   1.00000
