
Factor Profiles (conc. of species) from Base Run #8 (Convergent Run)

		Factor 1	Factor 2	Factor 3	Factor 4	Factor 5	Factor 6	Factor 7	Factor 8	Factor 9
8	Dichloromethane	5.525500E-002	5.202300E-003	9.807300E-003	3.893200E-003	4.953400E-004	7.028600E-003	2.580000E-002	5.551500E-003	1.192400E-002
8	Chloroform	1.306900E-002	0.000000E+000	1.709600E-003	7.515200E-004	1.514300E-003	7.056300E-004	4.444400E-003	7.210000E-004	2.949600E-003
8	Trichlorofluoromethane	1.192100E-001	3.204700E-002	6.200500E-003	3.096200E-003	2.622700E-003	3.563200E-003	7.612000E-002	5.648300E-003	6.619800E-003
8	Dichlorodifluoromethane	7.137200E-002	3.042100E-002	2.154900E-002	1.260000E-002	1.365400E-004	2.303100E-002	1.723100E-001	8.214800E-003	6.277900E-002
8	Carbon Tetrachloride	3.031500E-002	7.431900E-003	0.000000E+000	0.000000E+000	1.516900E-003	2.305800E-003	2.364500E-002	1.042200E-003	5.750400E-003
8	1_1_2-Trichlorotrifluoroethane	3.234200E-002	8.231900E-003	0.000000E+000	1.230400E-003	2.554100E-003	0.000000E+000	2.807300E-002	1.364300E-003	6.265700E-003
8	1_2-Dichloro-1_1_2_2-tetrafluoroethane	4.828800E-003	1.376400E-003	1.242700E-003	3.594200E-004	0.000000E+000	0.000000E+000	7.123700E-003	3.546300E-004	1.416200E-003
8	Tetrachloroethene	2.137300E-003	2.262500E-004	4.897800E-004	5.714800E-004	7.519600E-005	1.117900E-003	2.574500E-004	1.700900E-004	6.922100E-004
8	1_2-Dichlorobenzene	5.536400E-004	6.907000E-006	1.920400E-004	5.060900E-003	9.026800E-005	0.000000E+000	1.432000E-004	1.737300E-006	0.000000E+000
8	1_4-Dichlorobenzene	2.908600E-004	9.371300E-005	1.777500E-004	5.042800E-003	0.000000E+000	0.000000E+000	7.719700E-005	5.851400E-005	4.309100E-005
8	PCBTF	5.333900E-003	8.717500E-005	1.214200E-003	7.823800E-004	2.393100E-004	3.474800E-003	0.000000E+000	9.641800E-004	7.918900E-004
8	N-Butane	4.123100E-002	9.463200E-003	1.860600E-001	5.671300E-002	4.800000E-003	1.357200E-002	4.464000E-002	1.027500E-003	5.559100E-002
8	Isobutane	4.004000E-002	4.267800E-004	1.103200E-001	9.314100E-003	0.000000E+000	0.000000E+000	6.388000E-004	2.742700E-003	7.460100E-002
8	N-Pentane	1.398100E-002	0.000000E+000	6.858700E-002	8.785400E-004	0.000000E+000	1.655100E-003	5.370200E-003	6.838200E-004	0.000000E+000
8	Isopentane	1.427600E-001	1.537400E-002	7.917600E-002	2.551500E-002	1.779100E-002	1.770600E-002	1.706000E-003	7.762500E-003	5.216200E-002
8	2-Methyl pentane	1.813900E-001	1.288000E-002	3.753900E-002	2.027700E-003	9.908800E-003	1.047200E-002	9.224600E-004	8.869300E-003	6.562200E-002
8	Butene	4.415700E-002	9.320200E-003	6.782000E-002	2.153900E-002	1.327600E-002	8.168800E-003	2.148600E-002	2.364500E-004	2.885000E-002
8	Propylene	0.000000E+000	0.000000E+000	1.182100E-001	9.610600E-002	0.000000E+000	5.371000E-002	9.167700E-002	0.000000E+000	4.136700E-002
8	cis-2-Pentene	4.195700E-003	9.689000E-004	2.501700E-003	0.000000E+000	3.580800E-004	0.000000E+000	1.110200E-003	0.000000E+000	4.625900E-004
8	Isoprene	7.431500E-002	3.446200E-001	4.051600E-002	1.191600E-002	3.582300E-002	4.103800E-002	9.929100E-003	4.115200E-003	0.000000E+000
8	alpha-Pinene	1.134300E-002	6.600700E-002	8.299000E-003	3.728000E-003	6.399300E-003	1.479300E-002	1.069700E-002	1.774200E-004	1.626700E-003
8	MVK	3.856300E-002	1.590000E-001	2.332800E-002	5.395200E-003	2.509100E-002	1.333400E-002	0.000000E+000	3.700000E-004	3.708400E-003
8	Benzene	1.686000E-001	0.000000E+000	2.253800E-002	8.553200E-005	4.910700E-003	2.301100E-003	2.072300E-002	1.229500E-003	2.868600E-002
8	Toluene	1.280500E-001	1.464000E-002	3.142900E-002	2.263300E-002	6.312400E-003	9.632900E-002	7.573500E-003	1.240000E-002	1.432900E-002
8	Ethylbenzene	1.823300E-002	2.317800E-003	4.693400E-003	3.586400E-003	8.134400E-004	1.620100E-002	1.247800E-003	2.138000E-003	3.249300E-003
8	Propylbenzene	4.108000E-003	8.184700E-004	1.201300E-003	9.805900E-004	3.057100E-005	3.074800E-003	1.333400E-004	4.112900E-004	1.007600E-003
8	m_p-Xylene	1.111600E-002	3.700500E-003	6.322700E-003	1.068300E-002	1.157400E-004	2.416900E-002	3.329000E-003	2.319500E-003	2.910200E-004
8	o-Xylene	1.348100E-002	2.579600E-003	3.455900E-003	4.620200E-003	5.993400E-004	1.790800E-002	1.284300E-003	2.090700E-003	2.473400E-003
8	p-Isopropyl Toluene	8.654400E-003	3.497100E-003	9.051100E-004	5.316100E-004	2.807200E-003	0.000000E+000	3.525600E-004	5.511200E-004	2.179700E-003
8	Naphthalene	5.229900E-003	2.846700E-003	0.000000E+000	0.000000E+000	8.938800E-004	5.163600E-003	0.000000E+000	1.202700E-003	3.432900E-003
8	Methanol	1.643500E+000	1.161300E+000	4.510700E-011	5.452900E-001	1.702400E+000	2.463300E+000	3.963200E+000	7.242200E+001	2.869900E-004
8	Ethanol	0.000000E+000	3.153400E-001	3.831400E-002	6.897100E-002	4.719200E+000	1.840400E-001	2.017800E-001	2.952400E-002	5.635200E-003
8	Phenol	1.324500E-001	1.209200E-001	0.000000E+000	2.436400E-002	0.000000E+000	0.000000E+000	7.044700E-002	0.000000E+000	0.000000E+000
8	Formaldehyde	5.215300E-001	1.145900E+000	2.392300E-001	2.214000E-001	2.923000E-001	3.257600E-001	9.283900E-002	0.000000E+000	5.652700E-001
8	Acetaldehyde	1.931600E-001	4.995200E-001	4.553100E-002	1.763900E-001	1.509800E-001	4.134700E-001	0.000000E+000	0.000000E+000	4.113400E-001
8	Isovaleraldehyde	3.408700E-003	8.219800E-003	0.000000E+000	8.698700E-003	2.883700E-003	1.204400E-002	2.709600E-002	0.000000E+000	0.000000E+000
8	Hexaldehyde	0.000000E+000	1.973600E-002	0.000000E+000	2.513500E-002	3.891000E-003	2.737900E-002	7.517800E-002	0.000000E+000	0.000000E+000
8	m_p-Tolualdehyde	1.786100E-005	3.650400E-004	4.789500E-005	1.253100E-004	5.742000E-006	5.561700E-004	0.000000E+000	2.423500E-005	2.723400E-004
8	Phenylacetaldehyde	5.013100E-002	2.918700E-002	4.380300E-003	1.272100E-002	0.000000E+000	0.000000E+000	6.312600E-002	1.494100E-004	1.108600E-003
8	Cyclohexanone	0.000000E+000	2.438400E-004	0.000000E+000	1.541600E-004	2.246500E-004	8.337700E-004	2.867500E-004	8.792400E-005	2.726500E-004
8	Methyl acetate	1.319300E-001	0.000000E+000	1.554700E-002	2.678900E-003	8.948600E-003	2.016400E-002	4.913000E-003	6.616700E-003	2.960700E-002
8	n-Butyl acetate	5.983900E-002	0.000000E+000	2.017500E-002	2.772900E-003	3.882200E-003	4.712900E-002	0.000000E+000	7.026100E-003	0.000000E+000
8	D5-Siloxane	2.310100E-002	8.550700E-004	1.774300E-002	1.255000E-002	1.062500E-002	3.287100E-003	0.000000E+000	3.108800E-003	4.248100E-002
8	O3_form	7.937100E+000	1.346300E+001	5.864800E-001	3.047200E+000	2.373100E+000	1.046100E+001	4.527000E+000	4.719500E-002	8.042500E+000
8	NOx	0.000000E+000	2.707900E+000	7.824100E-001	1.452600E+000	4.621200E-001	4.985200E+000	3.531000E-001	4.810400E-001	4.605400E-001

Factor Profiles (% of species sum) from Base Run #8 (Convergent Run)

		Factor 1	Factor 2	Factor 3	Factor 4	Factor 5	Factor 6	Factor 7	Factor 8	Factor 9
8	Dichloromethane	4.421913E+001	4.163264E+000	7.848525E+000	3.115626E+000	3.964076E-001	5.624804E+000	2.064706E+001	4.442720E+000	9.542464E+000
8	Chloroform	5.052764E+001	0.000000E+000	6.609692E+000	2.905542E+000	5.854619E+000	2.728122E+000	1.718303E+001	2.787545E+000	1.140381E+001
8	Trichlorofluoromethane	4.672562E+001	1.256116E+001	2.430351E+000	1.213588E+000	1.027995E+000	1.396634E+000	2.983604E+001	2.213911E+000	2.594701E+000
8	Dichlorodifluoromethane	1.773599E+001	7.559640E+000	5.354942E+000	3.131109E+000	3.393029E-002	5.723220E+000	4.281916E+001	2.041384E+000	1.560063E+001
8	Carbon Tetrachloride	4.209996E+001	1.032105E+001	0.000000E+000	0.000000E+000	2.106595E+000	3.202180E+000	3.283699E+001	1.447355E+000	7.985868E+000
8	1_1_2-Trichlorotrifluoroethane	4.039650E+001	1.028198E+001	0.000000E+000	1.536821E+000	3.190176E+000	0.000000E+000	3.506434E+001	1.704067E+000	7.826118E+000
8	1_2-Dichloro-1_1_2_2-tetrafluoroethane	2.891177E+001	8.241003E+000	7.440493E+000	2.151977E+000	0.000000E+000	0.000000E+000	4.265216E+001	2.123298E+000	8.479300E+000
8	Tetrachloroethene	3.725040E+001	3.943248E+000	8.536239E+000	9.960165E+000	1.310570E+000	1.948357E+001	4.487024E+000	2.964451E+000	1.206433E+001
8	1_2-Dichlorobenzene	9.153052E+000	1.141900E-001	3.174901E+000	8.366933E+001	1.492356E+000	0.000000E+000	2.367454E+000	2.872191E-002	0.000000E+000
8	1_4-Dichlorobenzene	5.028765E+000	1.620232E+000	3.073173E+000	8.718647E+001	0.000000E+000	0.000000E+000	1.334682E+000	1.011666E+000	7.450131E-001
8	PCBTF	4.138709E+001	6.764131E-001	9.421288E+000	6.070686E+000	1.856867E+000	2.696186E+001	0.000000E+000	7.481318E+000	6.144476E+000
8	N-Butane	9.980932E+000	2.290790E+000	4.504019E+001	1.372871E+001	1.161953E+000	3.285421E+000	1.080616E+001	2.487305E-001	1.345711E+001
8	Isobutane	1.681764E+001	1.792565E-001	4.633671E+001	3.912117E+000	0.000000E+000	0.000000E+000	2.683094E-001	1.151991E+000	3.133398E+001
8	N-Pentane	1.533750E+001	0.000000E+000	7.524162E+001	9.637800E-001	0.000000E+000	1.815685E+000	5.891242E+000	7.501674E-001	0.000000E+000
8	Isopentane	3.966079E+001	4.271119E+000	2.199623E+001	7.088435E+000	4.942596E+000	4.918983E+000	4.739514E-001	2.156534E+000	1.449136E+001
8	2-Methyl pentane	5.502816E+001	3.907396E+000	1.138818E+001	6.151419E-001	3.006026E+000	3.176883E+000	2.798460E-001	2.690673E+000	1.990770E+001
8	Butene	2.055215E+001	4.337934E+000	3.156570E+001	1.002497E+001	6.179096E+000	3.802033E+000	1.000031E+001	1.100518E-001	1.342776E+001
8	Propylene	0.000000E+000	0.000000E+000	2.947366E+001	2.396240E+001	0.000000E+000	1.339168E+001	2.285810E+001	0.000000E+000	1.031416E+001
8	cis-2-Pentene	4.371810E+001	1.009568E+001	2.606706E+001	0.000000E+000	3.731100E+000	0.000000E+000	1.156799E+001	0.000000E+000	4.820067E+000
8	Isoprene	1.321691E+001	6.129059E+001	7.205761E+000	2.119258E+000	6.371112E+000	7.298599E+000	1.765888E+000	7.318874E-001	0.000000E+000
8	alpha-Pinene	9.216675E+000	5.363352E+001	6.743294E+000	3.029160E+000	5.199706E+000	1.201995E+001	8.691772E+000	1.441614E-001	1.321764E+000
8	MVK	1.434691E+001	5.915408E+001	8.678907E+000	2.007221E+000	9.334810E+000	4.960757E+000	0.000000E+000	1.376541E-001	1.379666E+000
8	Benzene	6.769077E+001	0.000000E+000	9.048722E+000	3.434002E-002	1.971584E+000	9.238626E-001	8.320023E+000	4.936287E-001	1.151707E+001
8	Toluene	3.837326E+001	4.387228E+000	9.418455E+000	6.782523E+000	1.891662E+000	2.886730E+001	2.269581E+000	3.715958E+000	4.294029E+000
8	Ethylbenzene	3.474267E+001	4.416528E+000	8.943192E+000	6.833823E+000	1.549996E+000	3.087073E+001	2.377661E+000	4.073922E+000	6.191485E+000
8	Propylbenzene	3.491428E+001	6.956253E+000	1.020996E+001	8.334126E+000	2.598258E-001	2.613301E+001	1.133269E+000	3.495592E+000	8.563686E+000
8	m_p-Xylene	1.791561E+001	5.964079E+000	1.019027E+001	1.721774E+001	1.865376E-001	3.895307E+001	5.365335E+000	3.738328E+000	4.690356E-001
8	o-Xylene	2.780021E+001	5.319592E+000	7.126678E+000	9.527671E+000	1.235945E+000	3.692947E+001	2.648454E+000	4.311394E+000	5.100589E+000
8	p-Isopropyl Toluene	4.442984E+001	1.795337E+001	4.646641E+000	2.729172E+000	1.441157E+001	0.000000E+000	1.809968E+000	2.829332E+000	1.119011E+001
8	Naphthalene	2.786355E+001	1.516648E+001	0.000000E+000	0.000000E+000	4.762362E+000	2.751032E+001	0.000000E+000	6.407674E+000	1.828960E+001
8	Methanol	1.958850E+000	1.384127E+000	5.376199E-011	6.499186E-001	2.029051E+000	2.935951E+000	4.723647E+000	8.631812E+001	3.420568E-004
8	Ethanol	0.000000E+000	5.668724E+000	6.887534E-001	1.239860E+000	8.483491E+001	3.308403E+000	3.627307E+000	5.307395E-001	1.013014E-001
8	Phenol	3.804056E+001	3.472906E+001	0.000000E+000	6.997510E+000	0.000000E+000	0.000000E+000	2.023287E+001	0.000000E+000	0.000000E+000
8	Formaldehyde	1.532006E+001	3.366107E+001	7.027436E+000	6.503675E+000	8.586379E+000	9.569274E+000	2.727167E+000	0.000000E+000	1.660493E+001
8	Acetaldehyde	1.021799E+001	2.642416E+001	2.408549E+000	9.330873E+000	7.986708E+000	2.187219E+001	0.000000E+000	0.000000E+000	2.175952E+001
8	Isovaleraldehyde	5.466962E+000	1.318313E+001	0.000000E+000	1.395120E+001	4.624953E+000	1.931648E+001	4.345727E+001	0.000000E+000	0.000000E+000
8	Hexaldehyde	0.000000E+000	1.304265E+001	0.000000E+000	1.661060E+001	2.571389E+000	1.809356E+001	4.968180E+001	0.000000E+000	0.000000E+000
8	m_p-Tolualdehyde	1.262625E+000	2.580530E+001	3.385780E+000	8.858378E+000	4.059118E-001	3.931661E+001	0.000000E+000	1.713214E+000	1.925218E+001
8	Phenylacetaldehyde	3.117535E+001	1.815075E+001	2.724011E+000	7.910907E+000	0.000000E+000	0.000000E+000	3.925665E+001	9.291475E-002	6.894137E-001
8	Cyclohexanone	0.000000E+000	1.159076E+001	0.000000E+000	7.327888E+000	1.067858E+001	3.963268E+001	1.363046E+001	4.179406E+000	1.296023E+001
8	Methyl acetate	5.985793E+001	0.000000E+000	7.053826E+000	1.215443E+000	4.060068E+000	9.148604E+000	2.229076E+000	3.002062E+000	1.343299E+001
8	n-Butyl acetate	4.249199E+001	0.000000E+000	1.432637E+001	1.969051E+000	2.756771E+000	3.346655E+001	0.000000E+000	4.989270E+000	0.000000E+000
8	D5-Siloxane	2.030840E+001	7.517035E-001	1.559811E+001	1.103287E+001	9.340580E+000	2.889734E+000	0.000000E+000	2.732988E+000	3.734562E+001
8	O3_form	1.572183E+001	2.666755E+001	1.161701E+000	6.035903E+000	4.700644E+000	2.072118E+001	8.967095E+000	9.348400E-002	1.593061E+001
8	NOx	0.000000E+000	2.317433E+001	6.695901E+000	1.243142E+001	3.954844E+000	4.266357E+001	3.021846E+000	4.116763E+000	3.941323E+000

Factor Profiles (% of factor total) from Base Run #8 (Convergent Run)

		Factor 1	Factor 2	Factor 3	Factor 4	Factor 5	Factor 6	Factor 7	Factor 8	Factor 9
8	Dichloromethane	4.612146E-001	2.574622E-002	3.764302E-001	6.586707E-002	5.018777E-003	3.637053E-002	2.595631E-001	7.597593E-003	1.187864E-001
8	Chloroform	1.090872E-001	0.000000E+000	6.561899E-002	1.271459E-002	1.534286E-002	3.651387E-003	4.471326E-002	9.867360E-004	2.938380E-002
8	Trichlorofluoromethane	9.950483E-001	1.586008E-001	2.379917E-001	5.238304E-002	2.657315E-002	1.843831E-002	7.658117E-001	7.730071E-003	6.594618E-002
8	Dichlorodifluoromethane	5.957435E-001	1.505538E-001	8.271079E-001	2.131730E-001	1.383421E-003	1.191773E-001	1.733539E+000	1.124249E-002	6.254019E-001
8	Carbon Tetrachloride	2.530399E-001	3.678053E-002	0.000000E+000	0.000000E+000	1.536921E-002	1.193170E-002	2.378825E-001	1.426319E-003	5.728525E-002
8	1_1_2-Trichlorotrifluoroethane	2.699593E-001	4.073973E-002	0.000000E+000	2.081651E-002	2.587810E-002	0.000000E+000	2.824308E-001	1.867134E-003	6.241865E-002
8	1_2-Dichloro-1_1_2_2-tetrafluoroethane	4.030609E-002	6.811814E-003	4.769813E-002	6.080844E-003	0.000000E+000	0.000000E+000	7.166859E-002	4.853345E-004	1.410813E-002
8	Tetrachloroethene	1.784009E-002	1.119713E-003	1.879906E-002	9.668580E-003	7.618846E-004	5.784739E-003	2.590097E-003	2.327794E-004	6.895768E-003
8	1_2-Dichlorobenzene	4.621245E-003	3.418279E-005	7.371006E-003	8.562279E-002	9.145939E-004	0.000000E+000	1.440676E-003	2.377609E-006	0.000000E+000
8	1_4-Dichlorobenzene	2.427814E-003	4.637863E-004	6.822518E-003	8.531658E-002	0.000000E+000	0.000000E+000	7.766469E-004	8.008026E-005	4.292708E-004
8	PCBTF	4.452217E-002	4.314297E-004	4.660422E-002	1.323669E-002	2.424685E-003	1.798087E-002	0.000000E+000	1.319544E-003	7.888776E-003
8	N-Butane	3.441560E-001	4.683345E-002	7.141478E+000	9.594985E-001	4.863352E-002	7.023033E-002	4.491045E-001	1.406201E-003	5.537953E-001
8	Isobutane	3.342147E-001	2.112137E-003	4.234375E+000	1.575805E-001	0.000000E+000	0.000000E+000	6.426702E-003	3.753565E-003	7.431722E-001
8	N-Pentane	1.166997E-001	0.000000E+000	2.632551E+000	1.486357E-002	0.000000E+000	8.564560E-003	5.402735E-002	9.358527E-004	0.000000E+000
8	Isopentane	1.191621E+000	7.608604E-002	3.038985E+000	4.316753E-001	1.802581E-001	9.162232E-002	1.716336E-002	1.062349E-002	5.196357E-001
8	2-Methyl pentane	1.514066E+000	6.374322E-002	1.440847E+000	3.430563E-002	1.003958E-001	5.418891E-002	9.280487E-003	1.213822E-002	6.537237E-001
8	Butene	3.685794E-001	4.612574E-002	2.603112E+000	3.644074E-001	1.345122E-001	4.227066E-002	2.161617E-001	3.235974E-004	2.874025E-001
8	Propylene	0.000000E+000	0.000000E+000	4.537214E+000	1.625969E+000	0.000000E+000	2.779303E-001	9.223242E-001	0.000000E+000	4.120964E-001
8	cis-2-Pentene	3.502159E-002	4.795094E-003	9.602190E-002	0.000000E+000	3.628060E-003	0.000000E+000	1.116926E-002	0.000000E+000	4.608303E-003
8	Isoprene	6.203088E-001	1.705527E+000	1.555112E+000	2.016008E-001	3.629580E-001	2.123572E-001	9.989256E-002	5.631922E-003	0.000000E+000
8	alpha-Pinene	9.468025E-002	3.266691E-001	3.185377E-001	6.307214E-002	6.483760E-002	7.654857E-002	1.076181E-001	2.428110E-004	1.620512E-002
8	MVK	3.218862E-001	7.868922E-001	8.953907E-001	9.127865E-002	2.542216E-001	6.899876E-002	0.000000E+000	5.063693E-004	3.694293E-002
8	Benzene	1.407308E+000	0.000000E+000	8.650684E-001	1.447072E-003	4.975513E-002	1.190738E-002	2.084855E-001	1.682652E-003	2.857688E-001
8	Toluene	1.068836E+000	7.245347E-002	1.206329E+000	3.829162E-001	6.395713E-002	4.984687E-001	7.619384E-002	1.697022E-002	1.427449E-001
8	Ethylbenzene	1.521912E-001	1.147081E-002	1.801452E-001	6.067648E-002	8.241761E-003	8.383448E-002	1.255360E-002	2.925994E-003	3.236940E-002
8	Propylbenzene	3.428956E-002	4.050614E-003	4.610909E-002	1.659011E-002	3.097448E-004	1.591101E-002	1.341478E-003	5.628775E-004	1.003767E-002
8	m_p-Xylene	9.278548E-002	1.831380E-002	2.426820E-001	1.807403E-001	1.172676E-003	1.250661E-001	3.349169E-002	3.174389E-003	2.899130E-003
8	o-Xylene	1.125262E-001	1.276646E-002	1.326466E-001	7.816682E-002	6.072503E-003	9.266760E-002	1.292081E-002	2.861261E-003	2.463991E-002
8	p-Isopropyl Toluene	7.223845E-002	1.730717E-002	3.474053E-002	8.994040E-003	2.844250E-002	0.000000E+000	3.546960E-003	7.542440E-004	2.171408E-002
8	Naphthalene	4.365408E-002	1.408834E-002	0.000000E+000	0.000000E+000	9.056777E-003	2.671981E-002	0.000000E+000	1.645974E-003	3.419841E-002
8	Methanol	1.371833E+001	5.747283E+000	1.731327E-009	9.225485E+000	1.724869E+001	1.274671E+001	3.987211E+001	9.911427E+001	2.858983E-003
8	Ethanol	0.000000E+000	1.560620E+000	1.470593E+000	1.166885E+000	4.781485E+001	9.523423E-001	2.030025E+000	4.040554E-002	5.613764E-002
8	Phenol	1.105563E+000	5.984340E-001	0.000000E+000	4.122021E-001	0.000000E+000	0.000000E+000	7.087380E-001	0.000000E+000	0.000000E+000
8	Formaldehyde	4.353221E+000	5.671068E+000	9.182283E+000	3.745754E+000	2.961579E+000	1.685693E+000	9.340146E-001	0.000000E+000	5.631197E+000
8	Acetaldehyde	1.612310E+000	2.472128E+000	1.747601E+000	2.984253E+000	1.529727E+000	2.139562E+000	0.000000E+000	0.000000E+000	4.097753E+000
8	Isovaleraldehyde	2.845249E-002	4.067985E-002	0.000000E+000	1.471689E-001	2.921760E-002	6.232346E-002	2.726016E-001	0.000000E+000	0.000000E+000
8	Hexaldehyde	0.000000E+000	9.767361E-002	0.000000E+000	4.252463E-001	3.942355E-002	1.416767E-001	7.563347E-001	0.000000E+000	0.000000E+000
8	m_p-Tolualdehyde	1.490861E-004	1.806586E-003	1.838338E-003	2.120056E-003	5.817785E-005	2.877984E-003	0.000000E+000	3.316719E-005	2.713040E-003
8	Phenylacetaldehyde	4.184445E-001	1.444467E-001	1.681276E-001	2.152201E-001	0.000000E+000	0.000000E+000	6.350845E-001	2.044774E-004	1.104383E-002
8	Cyclohexanone	0.000000E+000	1.206766E-003	0.000000E+000	2.608155E-003	2.276150E-003	4.314466E-003	2.884873E-003	1.203298E-004	2.716128E-003
8	Methyl acetate	1.101222E+000	0.000000E+000	5.967352E-001	4.532295E-002	9.066707E-002	1.043416E-001	4.942765E-002	9.055390E-003	2.949437E-001
8	n-Butyl acetate	4.994774E-001	0.000000E+000	7.743701E-001	4.691329E-002	3.933439E-002	2.438760E-001	0.000000E+000	9.615680E-003	0.000000E+000
8	D5-Siloxane	1.928245E-001	4.231748E-003	6.810235E-001	2.123271E-001	1.076523E-001	1.700959E-002	0.000000E+000	4.254598E-003	4.231940E-001
8	O3_form	6.625114E+001	6.662849E+001	2.251066E+001	5.155403E+001	2.404421E+001	5.413200E+001	4.554427E+001	6.458946E-002	8.011906E+001
8	NOx	0.000000E+000	1.340142E+001	3.003098E+001	2.457580E+001	4.682192E+000	2.579666E+001	3.552392E+000	6.583349E-001	4.587881E+000
