
       0      -0.355
    0    0    0    0    0    0    0    0    0
    0    0    0    0    0    0    0    0    0
    0    0    0    0    0    0    0    0    0
    0    0    0    0    0    0    0    0    0


   0.30405E-01   0.00000E+00   0.19385E-01   0.00000E+00   0.14281E-01   0.40714E-02   0.00000E+00   0.47755E-01   0.12111E-01
   0.15281E+00   0.00000E+00   0.47633E-01   0.00000E+00   0.00000E+00   0.00000E+00   0.00000E+00   0.14532E-01   0.00000E+00
   0.00000E+00   0.27413E+00   0.24197E+00  -0.11103E-17   0.82322E-01   0.29501E-01   0.16111E+00   0.00000E+00   0.00000E+00
   0.14940E+00  -0.23057E-18   0.78627E-02  -0.90921E-18  -0.19984E-18   0.00000E+00   0.34776E-02   0.10555E-01   0.15285E-01
   0.20983E-03  -0.22104E-19   0.00000E+00   0.00000E+00   0.47477E-02   0.00000E+00   0.00000E+00   0.00000E+00   0.73721E-06
  -0.43455E-20   0.27349E-04   0.00000E+00  -0.88175E-20   0.46363E-02   0.00000E+00   0.00000E+00   0.00000E+00  -0.49180E-19
   0.28755E-02   0.52344E-03   0.40956E-03   0.00000E+00   0.55685E-03  -0.47068E-20   0.26506E-02   0.45448E-03  -0.18925E-19
   0.24469E-01   0.54495E-02   0.13538E-02   0.00000E+00   0.00000E+00   0.00000E+00   0.00000E+00   0.00000E+00   0.18092E-01
   0.11375E-01   0.00000E+00   0.10541E-02   0.00000E+00   0.17998E-03   0.00000E+00   0.00000E+00   0.11369E-03   0.33720E-02
   0.00000E+00   0.43900E-05   0.13387E-03   0.00000E+00   0.41797E-04   0.11288E-03   0.54178E-03   0.00000E+00   0.18864E-03
   0.56859E-02   0.00000E+00   0.37704E-01   0.00000E+00   0.10910E-01   0.73552E-02   0.00000E+00   0.86477E-02   0.00000E+00
   0.46016E-01   0.14571E-01   0.32879E-01   0.00000E+00   0.00000E+00   0.00000E+00   0.00000E+00   0.00000E+00   0.14038E+00
   0.46538E-01   0.11980E-02   0.38257E-02   0.16473E-02   0.44495E-03   0.00000E+00   0.00000E+00   0.22990E-02   0.19457E-01
   0.25213E-01   0.57171E-02   0.11027E-02   0.00000E+00   0.00000E+00   0.00000E+00   0.00000E+00   0.00000E+00   0.21136E-01
   0.35850E-02   0.11730E-02   0.26282E-03   0.00000E+00  -0.46736E-19   0.00000E+00   0.00000E+00   0.40802E-03   0.55753E-02
  -0.77308E-16  -0.66010E-16  -0.49450E-16   0.00000E+00  -0.38515E-16   0.44695E+01  -0.11911E-16   0.00000E+00   0.00000E+00
   0.12460E-01   0.15641E-02   0.10357E-02   0.00000E+00   0.16276E-02   0.00000E+00   0.15287E-01   0.18656E-02   0.00000E+00
   0.00000E+00   0.69217E+00   0.26170E+00   0.00000E+00   0.52572E-01   0.29890E-01   0.00000E+00   0.00000E+00  -0.65620E-17
   0.00000E+00   0.69375E-02   0.00000E+00   0.00000E+00   0.10257E-01   0.00000E+00   0.89668E-02   0.00000E+00   0.53179E-01
   0.23069E-01   0.00000E+00   0.58824E-01   0.00000E+00   0.51721E-02   0.00000E+00   0.00000E+00   0.85134E-01  -0.64399E-18
   0.11720E+00   0.91413E-02   0.33300E-01   0.11645E-02   0.18841E-01   0.12810E-02   0.59019E-02   0.53628E-01  -0.88545E-19
   0.00000E+00   0.28300E+00  -0.32053E-17   0.00000E+00   0.00000E+00   0.00000E+00   0.00000E+00   0.00000E+00   0.00000E+00
   0.00000E+00   0.36169E-02   0.00000E+00   0.00000E+00   0.36982E-02   0.63681E-04   0.53493E-02   0.00000E+00   0.19910E-01
   0.00000E+00   0.12990E+00   0.00000E+00   0.00000E+00   0.00000E+00   0.58096E-03  -0.77368E-18   0.11167E-02   0.00000E+00
   0.00000E+00   0.00000E+00  -0.21837E-18   0.69123E+02  -0.27003E-16   0.00000E+00   0.00000E+00   0.00000E+00   0.00000E+00
   0.11655E+00   0.00000E+00   0.14693E-01   0.00000E+00   0.00000E+00   0.00000E+00   0.81796E-03   0.00000E+00   0.19514E-02
   0.21492E-01   0.00000E+00   0.41980E-01   0.00000E+00   0.45602E-01   0.00000E+00   0.00000E+00   0.14388E+00   0.27509E-01
   0.30576E-02   0.20982E-02   0.23584E-02   0.42914E-03   0.00000E+00   0.00000E+00   0.37853E-02   0.00000E+00   0.00000E+00
   0.37207E-02   0.00000E+00   0.43152E-03   0.35998E-03   0.37775E-03   0.00000E+00   0.30349E-02   0.48790E-03   0.00000E+00
   0.58339E-02   0.00000E+00   0.00000E+00   0.00000E+00   0.00000E+00   0.00000E+00   0.00000E+00   0.60949E-01   0.15070E-02
   0.82070E-01   0.94053E-01   0.00000E+00  -0.62323E-18   0.15674E-01  -0.26682E-20  -0.46360E-18   0.00000E+00   0.45737E-01
   0.34038E-01   0.19271E-01   0.00000E+00   0.00000E+00   0.49009E-02   0.00000E+00   0.00000E+00   0.00000E+00   0.47026E-01
   0.00000E+00   0.00000E+00   0.15170E-01   0.00000E+00   0.67069E-01  -0.21841E-18   0.72409E-02   0.94970E-01   0.71360E-01
   0.16870E-02   0.00000E+00   0.44507E-03   0.00000E+00   0.39835E-03   0.00000E+00   0.79537E-03   0.75650E-04   0.84990E-04
   0.92086E-01   0.10381E-01   0.46968E-03   0.00000E+00   0.10738E-01   0.00000E+00   0.91035E-01   0.11410E-01   0.26982E-03
   0.97924E-01   0.24361E-01   0.00000E+00   0.00000E+00   0.00000E+00   0.00000E+00  -0.71916E-18   0.00000E+00   0.56690E-01
   0.00000E+00   0.50371E-01   0.00000E+00   0.00000E+00   0.00000E+00   0.00000E+00   0.00000E+00   0.00000E+00   0.45711E-02
   0.35064E-02   0.43254E-03   0.00000E+00   0.00000E+00   0.00000E+00   0.00000E+00   0.00000E+00   0.17113E-02   0.58714E-03
   0.00000E+00   0.12825E-03   0.14316E-03   0.00000E+00   0.22957E-04   0.00000E+00   0.31568E-03   0.00000E+00   0.00000E+00
   0.29413E-02   0.15899E-02  -0.84496E-19   0.00000E+00   0.64353E-02   0.00000E+00   0.22895E-01   0.26860E-02   0.48698E-03
   0.44522E-01   0.00000E+00   0.00000E+00   0.00000E+00  -0.34659E-18   0.00000E+00   0.40562E-01   0.88704E-02   0.00000E+00
   0.73890E-02   0.13605E-02   0.45446E-03   0.00000E+00   0.22327E-02   0.00000E+00   0.17031E-01   0.82972E-03   0.00000E+00
   0.12088E-02   0.15118E-02   0.00000E+00   0.00000E+00   0.00000E+00   0.99513E-05   0.00000E+00   0.44351E-03   0.18806E-03
   0.63759E-02   0.30734E-02   0.85270E-03   0.57988E-04   0.25603E-03   0.13101E-02  -0.30189E-19   0.40313E-04  -0.61787E-20
   0.10000E+01   0.10000E+01   0.10000E+01   0.10000E+01   0.10000E+01   0.10000E+01   0.10000E+01   0.10000E+01   0.10000E+01

   0.60159E-01   0.18908E-01   0.42370E-01   0.56272E-02   0.31858E-01   0.25252E-01   0.19763E-01   0.81552E-01   0.30410E-01
   0.20161E+00   0.30083E-01   0.10134E+00   0.18579E-01   0.10944E-01   0.30562E-01   0.25103E-01   0.48168E-01   0.10961E-01
   0.36731E+00   0.58638E+00   0.63504E+00   0.14040E+00   0.25826E+00   0.41241E+00   0.60885E+00   0.23023E+00   0.10938E+00
   0.17143E+00   0.24328E-01   0.39629E-01   0.79999E-02   0.50529E-02   0.16579E-01   0.29216E-01   0.25280E-01   0.23209E-01
   0.78240E-03   0.26226E-03   0.20713E-03   0.12081E-03   0.55833E-02   0.45037E-03   0.28258E-03   0.47871E-03   0.34744E-03
   0.46183E-03   0.37116E-03   0.29361E-03   0.19272E-03   0.57741E-02   0.34692E-03   0.30440E-03   0.51444E-03   0.29849E-03
   0.45119E-02   0.14332E-02   0.15832E-02   0.72540E-03   0.13080E-02   0.65570E-03   0.45263E-02   0.18999E-02   0.40428E-03
   0.36110E-01   0.14851E-01   0.11115E-01   0.30264E-02   0.47403E-02   0.46088E-02   0.59288E-02   0.28106E-02   0.26465E-01
   0.14983E-01   0.21260E-02   0.50700E-02   0.15047E-02   0.19873E-02   0.30343E-02   0.26636E-02   0.29376E-02   0.54092E-02
   0.11279E-03   0.38742E-03   0.53384E-03   0.19044E-03   0.22988E-03   0.44117E-03   0.10004E-02   0.73063E-04   0.39936E-03
   0.27775E-01   0.48098E-02   0.55137E-01   0.75094E-02   0.16719E-01   0.20892E-01   0.12064E-01   0.22341E-01   0.19495E-02
   0.10412E+00   0.65625E-01   0.80814E-01   0.20750E-01   0.48717E-01   0.19879E-01   0.40674E-01   0.51004E-01   0.19899E+00
   0.63036E-01   0.16013E-01   0.20147E-01   0.94062E-02   0.10627E-01   0.67370E-02   0.15907E-01   0.16125E-01   0.30786E-01
   0.38793E-01   0.17070E-01   0.11045E-01   0.36720E-02   0.70132E-02   0.60025E-02   0.22816E-02   0.28984E-02   0.31787E-01
   0.58173E-02   0.33752E-02   0.20660E-02   0.81212E-03   0.18446E-02   0.36303E-03   0.58207E-03   0.23929E-02   0.78583E-02
   0.33882E+00   0.45242E+00   0.43210E+00   0.24753E+00   0.20688E+00   0.56025E+01   0.33422E+00   0.27247E+00   0.33283E+00
   0.20577E-01   0.49297E-02   0.55507E-02   0.32452E-02   0.47671E-02   0.32961E-02   0.22645E-01   0.76810E-02   0.18986E-02
   0.99179E+00   0.13603E+01   0.10420E+01   0.26045E+00   0.48402E+00   0.82667E+00   0.70408E+00   0.58607E+00   0.37360E+00
   0.29586E-02   0.37546E-01   0.13835E-01   0.58795E-02   0.42564E-01   0.20256E-01   0.36421E-01   0.11347E-01   0.91853E-01
   0.59556E-01   0.55867E-02   0.89139E-01   0.10821E-01   0.18409E-01   0.13014E-01   0.72415E-02   0.12281E+00   0.55860E-02
   0.16012E+00   0.30699E-01   0.73460E-01   0.16358E-01   0.35783E-01   0.31235E-01   0.39380E-01   0.94460E-01   0.59805E-02
   0.16912E+00   0.38999E+00   0.64177E-01   0.60771E-01   0.39740E-01   0.12436E+00   0.84440E-01   0.64335E-01   0.51798E-01
   0.83603E-02   0.14495E-01   0.44202E-02   0.26291E-02   0.14683E-01   0.99692E-02   0.15681E-01   0.39663E-02   0.32740E-01
   0.81314E-01   0.17949E+00   0.32211E-01   0.26697E-01   0.18169E-01   0.66719E-01   0.35251E-01   0.31946E-01   0.18943E-01
   0.56676E+01   0.56044E+01   0.62749E+01   0.82827E+02   0.17310E+01   0.89846E+01   0.62817E+01   0.29947E+01   0.54077E+01
   0.15127E+00   0.11855E-01   0.52114E-01   0.13517E-01   0.84199E-02   0.22419E-01   0.37702E-01   0.22787E-01   0.13474E-01
   0.73122E-01   0.17923E-01   0.75994E-01   0.98451E-02   0.75573E-01   0.23750E-01   0.22847E-01   0.20199E+00   0.62270E-01
   0.58953E-02   0.40713E-02   0.49917E-02   0.20378E-02   0.12063E-03   0.20801E-02   0.71212E-02   0.23201E-03   0.26685E-03
   0.59170E-02   0.46272E-03   0.15316E-02   0.12099E-02   0.10715E-02   0.13416E-02   0.49533E-02   0.16555E-02   0.78330E-04
   0.22888E-01   0.32953E-02   0.32340E-02   0.13321E-02   0.25716E-02   0.35642E-02   0.44031E-02   0.74076E-01   0.65366E-02
   0.15855E+00   0.15520E+00   0.13435E-01   0.20597E-01   0.42730E-01   0.29040E-01   0.22913E-01   0.93200E-02   0.84214E-01
   0.62978E-01   0.48838E-01   0.10030E-01   0.71086E-02   0.28137E-01   0.58092E-02   0.85398E-02   0.16307E-01   0.74345E-01
   0.92903E-02   0.12999E-01   0.66765E-01   0.88025E-02   0.12005E+00   0.18268E-01   0.77451E-01   0.16417E+00   0.12150E+00
   0.24413E-02   0.44004E-03   0.10512E-02   0.32316E-03   0.76156E-03   0.40863E-03   0.16507E-02   0.72885E-03   0.46081E-03
   0.14396E+00   0.30145E-01   0.27370E-01   0.19227E-01   0.30332E-01   0.22689E-01   0.13876E+00   0.48336E-01   0.11804E-01
   0.13784E+00   0.61249E-01   0.25684E-01   0.12590E-01   0.20329E-01   0.12166E-01   0.15870E-01   0.18708E-01   0.85403E-01
   0.30442E-01   0.72259E-01   0.15882E-01   0.11181E-01   0.99210E-02   0.23876E-01   0.23342E-01   0.15931E-01   0.19668E-01
   0.51919E-02   0.18301E-02   0.94090E-03   0.14634E-03   0.94109E-04   0.83857E-03   0.17084E-03   0.30994E-02   0.15374E-02
   0.14364E-03   0.44797E-03   0.49213E-03   0.13867E-03   0.19432E-03   0.20583E-03   0.70284E-03   0.22339E-03   0.91185E-04
   0.13457E-01   0.79215E-02   0.53177E-02   0.36371E-02   0.12110E-01   0.31235E-02   0.32526E-01   0.12637E-01   0.44946E-02
   0.74889E-01   0.23639E-02   0.44618E-02   0.96441E-02   0.67531E-02   0.13659E-01   0.65186E-01   0.25063E-01   0.36743E-02
   0.15433E-01   0.54158E-02   0.55517E-02   0.31704E-02   0.56919E-02   0.30369E-02   0.24331E-01   0.70775E-02   0.19320E-02
   0.29492E-02   0.27079E-02   0.76778E-03   0.41648E-03   0.64771E-03   0.12452E-02   0.11903E-02   0.18437E-02   0.12763E-02
   0.10214E-01   0.56827E-02   0.31628E-02   0.13367E-02   0.11276E-02   0.40650E-02   0.14058E-02   0.17005E-02   0.70378E-03
   0.10000E+01   0.10000E+01   0.10000E+01   0.10000E+01   0.10000E+01   0.10000E+01   0.10000E+01   0.10000E+01   0.10000E+01

   0.14264   0.00000   0.09070   0.00000   0.06731   0.01911   0.00000   0.22404   0.05702
   0.46493   0.00000   0.14462   0.00000   0.00000   0.00000   0.00000   0.04402   0.00000
   0.00000   0.14979   0.13110   0.00000   0.04447   0.01591   0.08760   0.00000   0.00000
   0.58733  -0.00000   0.03093  -0.00000  -0.00000   0.00000   0.01367   0.04146   0.05995
   0.03477  -0.00000   0.00000   0.00000   0.81538   0.00000   0.00000   0.00000   0.00012
  -0.00000   0.00472   0.00000  -0.00000   0.84631   0.00000   0.00000   0.00000  -0.00000
   0.24454   0.04461   0.03458   0.00000   0.04727   0.00000   0.22728   0.03852  -0.00000
   0.34020   0.07567   0.01870   0.00000   0.00000   0.00000   0.00000   0.00000   0.25159
   0.44199   0.00000   0.04059   0.00000   0.00695   0.00000   0.00000   0.00438   0.13057
   0.00000   0.00211   0.06469   0.00000   0.02013   0.05490   0.26691   0.00000   0.09181
   0.05006   0.00000   0.33397   0.00000   0.09616   0.06470   0.00000   0.07603   0.00000
   0.11497   0.03641   0.08195   0.00000   0.00000   0.00000   0.00000   0.00000   0.35163
   0.37547   0.00964   0.03060   0.01324   0.00357   0.00000   0.00000   0.01845   0.15657
   0.31531   0.07148   0.01374   0.00000   0.00000   0.00000   0.00000   0.00000   0.26468
   0.21420   0.07015   0.01567   0.00000   0.00000   0.00000   0.00000   0.02438   0.33378
  -0.00000   0.00000  -0.00000   0.00000  -0.00000   0.85389  -0.00000   0.00000   0.00000
   0.23761   0.02978   0.01964   0.00000   0.03094   0.00000   0.29253   0.03550   0.00000
   0.00000   0.21136   0.07841   0.00000   0.01579   0.00896   0.00000   0.00000  -0.00000
   0.00000   0.04584   0.00000   0.00000   0.06826   0.00000   0.05908   0.00000   0.36194
   0.09799   0.00000   0.25041   0.00000   0.02193   0.00000   0.00000   0.36237  -0.00000
   0.32774   0.02547   0.09263   0.00324   0.05240   0.00357   0.01649   0.14980  -0.00000
   0.00000   0.50917  -0.00000   0.00000   0.00000   0.00000   0.00000   0.00000   0.00000
   0.00000   0.05803   0.00000   0.00000   0.05968   0.00103   0.08660   0.00000   0.32664
   0.00000   0.49051   0.00000   0.00000   0.00000   0.00215   0.00000   0.00414   0.00000
   0.00000   0.00000  -0.00000   0.84927   0.00000   0.00000   0.00000   0.00000   0.00000
   0.53431   0.00000   0.06653   0.00000   0.00000   0.00000   0.00372   0.00000   0.00891
   0.05236   0.00000   0.10231   0.00000   0.11136   0.00000   0.00000   0.35582   0.06756
   0.16297   0.11281   0.12531   0.02284   0.00000   0.00000   0.20475   0.00000   0.00000
   0.29043   0.00000   0.03334   0.02794   0.02936   0.00000   0.23740   0.03787   0.00000
   0.06411   0.00000   0.00000   0.00000   0.00000   0.00000   0.00000   0.67831   0.01647
   0.23769   0.27414   0.00000   0.00000   0.04531  -0.00000  -0.00000   0.00000   0.13288
   0.21305   0.12125   0.00000   0.00000   0.03064   0.00000   0.00000   0.00000   0.29607
   0.00000   0.00000   0.03780   0.00000   0.16873   0.00000   0.01810   0.23835   0.18019
   0.29665   0.00000   0.07791   0.00000   0.06996   0.00000   0.14061   0.01326   0.01495
   0.27630   0.03106   0.00140   0.00000   0.03210   0.00000   0.27369   0.03413   0.00081
   0.38503   0.09550   0.00000   0.00000   0.00000   0.00000  -0.00000   0.00000   0.22263
   0.00000   0.42196   0.00000   0.00000   0.00000   0.00000   0.00000   0.00000   0.03752
   0.36757   0.04576   0.00000   0.00000   0.00000   0.00000   0.00000   0.18251   0.06217
   0.00000   0.09418   0.10301   0.00000   0.01660   0.00000   0.23023   0.00000   0.00000
   0.04676   0.02544  -0.00000   0.00000   0.10294   0.00000   0.36876   0.04293   0.00774
   0.31506   0.00000   0.00000   0.00000  -0.00000   0.00000   0.28782   0.06256   0.00000
   0.15176   0.02796   0.00930   0.00000   0.04584   0.00000   0.35235   0.01704   0.00000
   0.15862   0.19875   0.00000   0.00000   0.00000   0.00129   0.00000   0.05753   0.02493
   0.32556   0.15766   0.04318   0.00294   0.01299   0.06639  -0.00000   0.00205   0.00000
   1.00000   1.00000   1.00000   1.00000   1.00000   1.00000   1.00000   1.00000   1.00000

   0.28096   0.08795   0.19826   0.02635   0.14813   0.11797   0.09200   0.38094   0.14154
   0.60630   0.09099   0.30688   0.05633   0.03316   0.09256   0.07606   0.14602   0.03318
   0.19723   0.30946   0.33931   0.07505   0.13766   0.22115   0.32433   0.12302   0.05841
   0.67305   0.09547   0.15587   0.03146   0.01986   0.06520   0.11478   0.09933   0.09122
   0.12939   0.04329   0.03417   0.01993   0.90392   0.07425   0.04655   0.07886   0.05716
   0.07912   0.06279   0.04974   0.03278   0.94357   0.05898   0.05204   0.08762   0.04970
   0.38078   0.12061   0.13474   0.06139   0.11062   0.05562   0.38066   0.16073   0.03422
   0.49668   0.20506   0.15398   0.04184   0.06557   0.06389   0.08179   0.03895   0.36475
   0.57274   0.08179   0.19531   0.05792   0.07647   0.11684   0.10232   0.11319   0.20760
   0.05467   0.18606   0.25689   0.09134   0.11076   0.21059   0.47411   0.03527   0.19075
   0.24444   0.04234   0.48445   0.06610   0.14658   0.18382   0.10545   0.19620   0.01715
   0.25919   0.16307   0.20168   0.05174   0.12121   0.04965   0.10112   0.12712   0.49373
   0.50117   0.12781   0.16164   0.07520   0.08495   0.05402   0.12659   0.12902   0.24549
   0.47945   0.21191   0.13754   0.04571   0.08704   0.07476   0.02838   0.03612   0.39405
   0.34605   0.20068   0.12329   0.04845   0.10987   0.02166   0.03471   0.14231   0.46699
   0.06106   0.08152   0.07794   0.04464   0.03729   0.99940   0.06021   0.04906   0.05995
   0.38941   0.09352   0.10557   0.06159   0.09050   0.06267   0.42840   0.14560   0.03612
   0.29496   0.39819   0.31060   0.07735   0.14361   0.24633   0.20840   0.17506   0.10997
   0.01957   0.24500   0.09148   0.03889   0.27795   0.13208   0.24069   0.07473   0.58968
   0.25222   0.02370   0.37782   0.04592   0.07803   0.05527   0.03068   0.51794   0.02369
   0.44416   0.08545   0.20465   0.04547   0.09948   0.08680   0.10931   0.26142   0.01667
   0.29645   0.67732   0.11290   0.10661   0.06981   0.21844   0.14840   0.11272   0.09130
   0.13426   0.23043   0.07131   0.04217   0.23402   0.15867   0.24981   0.06386   0.51579
   0.29978   0.65446   0.11893   0.09818   0.06707   0.24557   0.13000   0.11742   0.07012
   0.06704   0.06634   0.07435   0.96930   0.02046   0.10635   0.07440   0.03548   0.06381
   0.67717   0.05374   0.23658   0.06118   0.03810   0.10164   0.17039   0.10373   0.06071
   0.17850   0.04357   0.18554   0.02406   0.18445   0.05815   0.05572   0.48788   0.15125
   0.31323   0.21417   0.26623   0.10827   0.00642   0.11098   0.37518   0.01235   0.01418
   0.45640   0.03595   0.11936   0.09386   0.08302   0.10360   0.38239   0.12837   0.00608
   0.25096   0.03618   0.03547   0.01461   0.02820   0.03915   0.04818   0.80732   0.07153
   0.45272   0.44446   0.03869   0.05922   0.12294   0.08375   0.06575   0.02692   0.24195
   0.38776   0.30127   0.06217   0.04410   0.17390   0.03618   0.05290   0.10135   0.45857
   0.02315   0.03223   0.16616   0.02193   0.29650   0.04558   0.19274   0.40527   0.29835
   0.42619   0.07676   0.18447   0.05668   0.13313   0.07152   0.28754   0.12767   0.08046
   0.42790   0.08994   0.08191   0.05737   0.09053   0.06779   0.41287   0.14409   0.03530
   0.53507   0.23879   0.10042   0.04921   0.07920   0.04761   0.06190   0.07336   0.33263
   0.24795   0.58178   0.12975   0.09131   0.08108   0.19511   0.19058   0.13001   0.16068
   0.54400   0.19076   0.09911   0.01535   0.00986   0.08807   0.01791   0.32057   0.16027
   0.10317   0.31307   0.35202   0.09888   0.13820   0.14811   0.49798   0.15947   0.06477
   0.21527   0.12555   0.08484   0.05798   0.19272   0.04977   0.51441   0.20043   0.07158
   0.52509   0.01671   0.03152   0.06796   0.04757   0.09657   0.45756   0.17658   0.02598
   0.31596   0.11080   0.11391   0.06498   0.11663   0.06230   0.49636   0.14476   0.03969
   0.37938   0.34852   0.09968   0.05409   0.08374   0.16261   0.15406   0.24056   0.16325
   0.51446   0.28650   0.16058   0.06787   0.05711   0.20656   0.07102   0.08622   0.03573
   1.00000   1.00000   1.00000   1.00000   1.00000   1.00000   1.00000   1.00000   1.00000
