
       0      -0.355
    0    0    0    0    0    0    0    0    0
    0    0    0    0    0    0    0    0    0
    0    0    0    0    0    0    0    0    0
    0    0    0    0    0    0    0    0    0


   0.24768E-01   0.00000E+00   0.16328E-01   0.00000E+00   0.11965E-01   0.11403E-02   0.00000E+00   0.43268E-01   0.94952E-02
   0.13517E+00   0.00000E+00   0.41636E-01   0.00000E+00   0.00000E+00   0.00000E+00  -0.17322E-18   0.82998E-02   0.00000E+00
  -0.22855E-16   0.22229E+00   0.18899E+00  -0.11103E-17   0.54150E-01   0.00000E+00   0.10251E+00   0.00000E+00   0.00000E+00
   0.13822E+00  -0.23057E-18   0.50660E-02  -0.90921E-18  -0.19984E-18   0.00000E+00   0.88822E-03   0.84132E-02   0.14702E-01
   0.15895E-03  -0.22104E-19   0.00000E+00  -0.23226E-19   0.46759E-02   0.00000E+00   0.00000E+00  -0.79744E-19   0.00000E+00
  -0.43455E-20   0.25907E-05   0.00000E+00  -0.88175E-20   0.45167E-02  -0.96228E-20   0.00000E+00   0.00000E+00  -0.49180E-19
   0.26218E-02   0.38596E-03   0.25010E-03   0.00000E+00   0.47975E-03  -0.47068E-20   0.24225E-02   0.23055E-03  -0.18925E-19
   0.21250E-01   0.41353E-02   0.33141E-03   0.00000E+00   0.00000E+00   0.00000E+00   0.00000E+00   0.00000E+00   0.16997E-01
   0.10491E-01   0.00000E+00   0.66334E-03   0.00000E+00  -0.33893E-19   0.00000E+00  -0.30611E-20   0.00000E+00   0.30768E-02
   0.00000E+00   0.00000E+00   0.82335E-04   0.00000E+00   0.17259E-04   0.72017E-04   0.48478E-03   0.00000E+00   0.15961E-03
  -0.55418E-17  -0.37091E-19   0.36019E-01   0.00000E+00   0.98293E-02   0.51814E-02   0.00000E+00   0.55506E-02   0.00000E+00
   0.29869E-01   0.34893E-02   0.26401E-01   0.00000E+00   0.00000E+00   0.00000E+00   0.00000E+00   0.00000E+00   0.13331E+00
   0.43257E-01   0.00000E+00   0.18642E-02   0.55045E-03   0.00000E+00   0.00000E+00   0.00000E+00   0.76227E-04   0.17876E-01
   0.21538E-01   0.41769E-02  -0.35604E-18   0.00000E+00   0.00000E+00   0.00000E+00   0.00000E+00   0.00000E+00   0.19865E-01
   0.30156E-02   0.82994E-03   0.43814E-04   0.00000E+00  -0.46736E-19   0.00000E+00   0.00000E+00   0.15164E-03   0.52964E-02
  -0.10605E-15  -0.83593E-16  -0.49450E-16   0.00000E+00  -0.38515E-16   0.44099E+01  -0.11911E-16  -0.17461E-16   0.00000E+00
   0.11339E-01   0.10502E-02   0.48238E-03   0.00000E+00   0.13052E-02   0.00000E+00   0.14477E-01   0.99133E-03   0.00000E+00
   0.00000E+00   0.59748E+00   0.15595E+00   0.00000E+00   0.00000E+00   0.00000E+00   0.00000E+00   0.00000E+00  -0.65620E-17
   0.00000E+00   0.89561E-03   0.00000E+00   0.00000E+00   0.65419E-02   0.00000E+00   0.48912E-02   0.00000E+00   0.48296E-01
   0.96315E-02   0.00000E+00   0.55629E-01   0.00000E+00   0.30856E-02   0.00000E+00   0.00000E+00   0.78586E-01  -0.64399E-18
   0.10764E+00   0.66330E-02   0.28650E-01   0.00000E+00   0.16612E-01   0.00000E+00   0.10258E-02   0.44391E-01  -0.17791E-18
  -0.41505E-17   0.26959E+00  -0.41179E-17   0.00000E+00   0.00000E+00   0.00000E+00   0.00000E+00   0.00000E+00   0.00000E+00
   0.00000E+00   0.14701E-02   0.00000E+00  -0.18172E-19   0.24982E-02   0.00000E+00   0.36162E-02   0.00000E+00   0.18289E-01
  -0.53893E-18   0.12364E+00   0.00000E+00   0.00000E+00   0.00000E+00   0.00000E+00  -0.11396E-17   0.00000E+00   0.00000E+00
   0.00000E+00   0.00000E+00  -0.23381E-17   0.68188E+02  -0.27003E-16   0.00000E+00  -0.49102E-16   0.00000E+00   0.00000E+00
   0.10961E+00   0.00000E+00   0.10723E-01   0.00000E+00   0.00000E+00   0.00000E+00   0.00000E+00  -0.13791E-17   0.39952E-03
   0.98006E-02   0.00000E+00   0.37402E-01   0.00000E+00   0.41844E-01   0.00000E+00   0.00000E+00   0.13570E+00   0.22647E-01
   0.26040E-02   0.18135E-02   0.20195E-02   0.22843E-03   0.00000E+00   0.00000E+00   0.33983E-02   0.00000E+00   0.00000E+00
   0.34179E-02   0.00000E+00   0.27028E-03   0.26155E-03   0.31853E-03   0.00000E+00   0.28206E-02   0.29283E-03   0.00000E+00
   0.53066E-03   0.00000E+00   0.00000E+00  -0.66164E-19   0.00000E+00   0.00000E+00   0.00000E+00   0.59361E-01   0.15146E-03
   0.74268E-01   0.86503E-01   0.00000E+00  -0.62323E-18   0.12571E-01  -0.26682E-20  -0.46360E-18   0.00000E+00   0.40461E-01
   0.30069E-01   0.15315E-01   0.00000E+00   0.00000E+00   0.25407E-02   0.00000E+00   0.00000E+00   0.00000E+00   0.43316E-01
   0.00000E+00   0.00000E+00   0.56951E-02   0.00000E+00   0.61259E-01  -0.48759E-18   0.00000E+00   0.84651E-01   0.64093E-01
   0.15746E-02   0.00000E+00   0.36573E-03   0.00000E+00   0.35595E-03   0.00000E+00   0.68361E-03   0.00000E+00   0.28490E-04
   0.85247E-01   0.75645E-02   0.00000E+00   0.00000E+00   0.87248E-02   0.00000E+00   0.85674E-01   0.57271E-02   0.00000E+00
   0.88485E-01   0.20051E-01   0.00000E+00   0.00000E+00   0.00000E+00   0.00000E+00  -0.71916E-18   0.00000E+00   0.52952E-01
  -0.59273E-18   0.47445E-01   0.00000E+00   0.00000E+00   0.00000E+00   0.00000E+00   0.00000E+00   0.00000E+00   0.27517E-02
   0.32342E-02   0.27639E-03   0.00000E+00   0.00000E+00   0.00000E+00   0.00000E+00   0.00000E+00   0.15178E-02   0.44561E-03
   0.00000E+00   0.79801E-04   0.95310E-04   0.00000E+00   0.00000E+00   0.00000E+00   0.26487E-03   0.00000E+00   0.00000E+00
   0.14644E-02   0.39462E-03  -0.84496E-19  -0.60329E-18   0.58249E-02   0.00000E+00   0.21852E-01   0.12669E-02   0.00000E+00
   0.41219E-01   0.00000E+00   0.00000E+00   0.00000E+00  -0.34659E-18   0.00000E+00   0.37487E-01   0.60584E-02   0.00000E+00
   0.62626E-02   0.66266E-03   0.00000E+00   0.00000E+00   0.18778E-02   0.00000E+00   0.16242E-01   0.00000E+00   0.00000E+00
   0.97097E-03   0.13488E-02   0.00000E+00   0.00000E+00   0.00000E+00   0.00000E+00   0.00000E+00   0.23909E-03   0.32910E-04
   0.55370E-02   0.27627E-02   0.54142E-03   0.00000E+00   0.15246E-03   0.97152E-03  -0.30189E-19   0.00000E+00  -0.61787E-20
   0.10000E+01   0.10000E+01   0.10000E+01   0.10000E+01   0.10000E+01   0.10000E+01   0.10000E+01   0.10000E+01   0.10000E+01

   0.64342E-01   0.21899E-01   0.47175E-01   0.71342E-02   0.34582E-01   0.28969E-01   0.24032E-01   0.87120E-01   0.33241E-01
   0.20816E+00   0.35917E-01   0.11842E+00   0.21371E-01   0.12697E-01   0.36583E-01   0.31659E-01   0.52079E-01   0.13456E-01
   0.42760E+00   0.63270E+00   0.70071E+00   0.17090E+00   0.27835E+00   0.46575E+00   0.67891E+00   0.27862E+00   0.15040E+00
   0.17448E+00   0.28501E-01   0.51468E-01   0.98412E-02   0.64517E-02   0.19776E-01   0.33422E-01   0.26305E-01   0.24816E-01
   0.84525E-03   0.30336E-03   0.25076E-03   0.13757E-03   0.57774E-02   0.51097E-03   0.34160E-03   0.56915E-03   0.37341E-03
   0.52217E-03   0.41434E-03   0.34851E-03   0.21417E-03   0.60064E-02   0.40811E-03   0.36702E-03   0.60712E-03   0.32747E-03
   0.47477E-02   0.15645E-02   0.17757E-02   0.81794E-03   0.14220E-02   0.84222E-03   0.48822E-02   0.20736E-02   0.50595E-03
   0.37711E-01   0.16589E-01   0.13055E-01   0.37335E-02   0.53277E-02   0.56765E-02   0.72136E-02   0.38714E-02   0.27947E-01
   0.15655E-01   0.26609E-02   0.61820E-02   0.17433E-02   0.22506E-02   0.35364E-02   0.32437E-02   0.33452E-02   0.57675E-02
   0.16117E-03   0.43134E-03   0.59529E-03   0.21881E-03   0.25670E-03   0.48169E-03   0.10927E-02   0.11075E-03   0.43652E-03
   0.30212E-01   0.62071E-02   0.60508E-01   0.91925E-02   0.17666E-01   0.24553E-01   0.14692E-01   0.23942E-01   0.27232E-02
   0.11222E+00   0.71781E-01   0.90227E-01   0.24909E-01   0.53297E-01   0.25107E-01   0.48889E-01   0.64192E-01   0.20911E+00
   0.65483E-01   0.18511E-01   0.23511E-01   0.10572E-01   0.11836E-01   0.89830E-02   0.18877E-01   0.18148E-01   0.32822E-01
   0.40560E-01   0.19167E-01   0.13185E-01   0.45330E-02   0.77114E-02   0.72803E-02   0.34449E-02   0.41469E-02   0.33645E-01
   0.61069E-02   0.37371E-02   0.24248E-02   0.98784E-03   0.20211E-02   0.55679E-03   0.83292E-03   0.28260E-02   0.82369E-02
   0.36282E+00   0.50114E+00   0.48870E+00   0.27352E+00   0.22226E+00   0.56828E+01   0.36389E+00   0.29233E+00   0.35261E+00
   0.21698E-01   0.54200E-02   0.70637E-02   0.36215E-02   0.51964E-02   0.40763E-02   0.24032E-01   0.83851E-02   0.21762E-02
   0.11228E+01   0.14659E+01   0.11662E+01   0.32348E+00   0.53527E+00   0.94265E+00   0.83575E+00   0.70674E+00   0.46394E+00
   0.48109E-02   0.40922E-01   0.17707E-01   0.79052E-02   0.46483E-01   0.23014E-01   0.41224E-01   0.16189E-01   0.98131E-01
   0.65788E-01   0.82723E-02   0.98713E-01   0.12783E-01   0.20631E-01   0.19847E-01   0.87879E-02   0.12836E+00   0.69745E-02
   0.16889E+00   0.35184E-01   0.87440E-01   0.18767E-01   0.38476E-01   0.36855E-01   0.44209E-01   0.10033E+00   0.80747E-02
   0.19004E+00   0.41449E+00   0.76125E-01   0.69829E-01   0.45620E-01   0.14124E+00   0.98415E-01   0.71723E-01   0.64909E-01
   0.97685E-02   0.15761E-01   0.59004E-02   0.34410E-02   0.15889E-01   0.11303E-01   0.17306E-01   0.56700E-02   0.34829E-01
   0.91507E-01   0.19112E+00   0.37489E-01   0.30942E-01   0.20460E-01   0.74771E-01   0.41094E-01   0.34973E-01   0.24800E-01
   0.62178E+01   0.62337E+01   0.70976E+01   0.85299E+02   0.18643E+01   0.97594E+01   0.81182E+01   0.33838E+01   0.56849E+01
   0.15734E+00   0.16012E-01   0.62943E-01   0.15527E-01   0.96973E-02   0.27129E-01   0.43914E-01   0.25444E-01   0.15624E-01
   0.79955E-01   0.22296E-01   0.83493E-01   0.12120E-01   0.80351E-01   0.29472E-01   0.26676E-01   0.21156E+00   0.67173E-01
   0.62957E-02   0.43922E-02   0.54844E-02   0.22468E-02   0.19826E-03   0.24327E-02   0.77697E-02   0.36812E-03   0.41206E-03
   0.62115E-02   0.55717E-03   0.17506E-02   0.13027E-02   0.11665E-02   0.15695E-02   0.53073E-02   0.17760E-02   0.12919E-03
   0.25042E-01   0.44589E-02   0.53370E-02   0.15517E-02   0.31272E-02   0.70020E-02   0.48951E-02   0.77274E-01   0.69147E-02
   0.16529E+00   0.16511E+00   0.19595E-01   0.24958E-01   0.45833E-01   0.36579E-01   0.29100E-01   0.14225E-01   0.91219E-01
   0.66153E-01   0.53211E-01   0.13428E-01   0.90251E-02   0.30336E-01   0.86209E-02   0.11797E-01   0.20790E-01   0.78946E-01
   0.14463E-01   0.18996E-01   0.73872E-01   0.12528E-01   0.12825E+00   0.23819E-01   0.86340E-01   0.17832E+00   0.12858E+00
   0.25642E-02   0.51967E-03   0.11719E-02   0.36565E-03   0.82323E-03   0.50334E-03   0.18160E-02   0.81776E-03   0.51916E-03
   0.15114E+00   0.33213E-01   0.36324E-01   0.21515E-01   0.33116E-01   0.27978E-01   0.14744E+00   0.52823E-01   0.13543E-01
   0.14307E+00   0.66744E-01   0.32189E-01   0.15008E-01   0.22389E-01   0.15724E-01   0.19442E-01   0.22421E-01   0.90559E-01
   0.34775E-01   0.76700E-01   0.18591E-01   0.13004E-01   0.11492E-01   0.27193E-01   0.26772E-01   0.18894E-01   0.22563E-01
   0.54082E-02   0.20428E-02   0.11612E-02   0.23029E-03   0.15153E-03   0.10180E-02   0.28632E-03   0.33378E-02   0.16850E-02
   0.18703E-03   0.48822E-03   0.54647E-03   0.16391E-03   0.21453E-03   0.24629E-03   0.77059E-03   0.26549E-03   0.12589E-03
   0.15672E-01   0.86801E-02   0.76205E-02   0.41006E-02   0.12873E-01   0.40337E-02   0.34189E-01   0.13850E-01   0.50186E-02
   0.79084E-01   0.34877E-02   0.89194E-02   0.10655E-01   0.79239E-02   0.16087E-01   0.69311E-01   0.26734E-01   0.44582E-02
   0.16723E-01   0.59516E-02   0.72580E-02   0.35478E-02   0.61721E-02   0.37707E-02   0.25717E-01   0.77921E-02   0.22430E-02
   0.31619E-02   0.29116E-02   0.94434E-03   0.49877E-03   0.76524E-03   0.14343E-02   0.13812E-02   0.20627E-02   0.14534E-02
   0.10668E-01   0.61430E-02   0.35877E-02   0.15177E-02   0.12375E-02   0.44825E-02   0.18249E-02   0.19208E-02   0.91739E-03
   0.10000E+01   0.10000E+01   0.10000E+01   0.10000E+01   0.10000E+01   0.10000E+01   0.10000E+01   0.10000E+01   0.10000E+01

   0.11621   0.00000   0.07638   0.00000   0.05652   0.00536   0.00000   0.20317   0.04477
   0.41028   0.00000   0.12634   0.00000   0.00000   0.00000  -0.00000   0.02512   0.00000
  -0.00000   0.12189   0.10256   0.00000   0.02924   0.00000   0.05589   0.00000   0.00000
   0.54312   0.00000   0.01993   0.00000  -0.00000   0.00000   0.00349   0.03305   0.05762
   0.02633  -0.00000   0.00000  -0.00000   0.81117   0.00000   0.00000  -0.00000   0.00000
   0.00000   0.00045   0.00000   0.00000   0.84061  -0.00000   0.00000   0.00000   0.00000
   0.22302   0.03293   0.02108   0.00000   0.04071  -0.00000   0.20840   0.01953   0.00000
   0.29513   0.05744   0.00457   0.00000   0.00000   0.00000   0.00000   0.00000   0.23692
   0.40595   0.00000   0.02553   0.00000  -0.00000   0.00000  -0.00000   0.00000   0.11932
   0.00000   0.00000   0.03974   0.00000   0.00829   0.03505   0.24017   0.00000   0.07782
  -0.00000  -0.00000   0.31992   0.00000   0.08661   0.04556   0.00000   0.04880   0.00000
   0.07460   0.00872   0.06576   0.00000   0.00000   0.00000   0.00000   0.00000   0.33469
   0.34881   0.00000   0.01490   0.00443   0.00000   0.00000   0.00000   0.00061   0.14407
   0.26904   0.05226  -0.00000   0.00000   0.00000   0.00000   0.00000   0.00000   0.24941
   0.17991   0.04966   0.00261   0.00000   0.00000   0.00000   0.00000   0.00907   0.31760
  -0.00000  -0.00000  -0.00000   0.00000   0.00000   0.85167   0.00000  -0.00000   0.00000
   0.21622   0.02000   0.00914   0.00000   0.02480   0.00000   0.27756   0.01886   0.00000
   0.00000   0.18358   0.04673   0.00000   0.00000   0.00000   0.00000   0.00000   0.00000
   0.00000   0.00591   0.00000   0.00000   0.04360   0.00000   0.03219   0.00000   0.33172
   0.04092   0.00000   0.23697   0.00000   0.01309   0.00000   0.00000   0.33493  -0.00000
   0.30107   0.01849   0.07970   0.00000   0.04618   0.00000   0.00287   0.12422  -0.00000
  -0.00000   0.48780  -0.00000   0.00000   0.00000   0.00000   0.00000   0.00000   0.00000
   0.00000   0.02353   0.00000  -0.00000   0.04035   0.00000   0.05865   0.00000   0.30218
  -0.00000   0.46962   0.00000   0.00000   0.00000   0.00000  -0.00000   0.00000   0.00000
   0.00000   0.00000  -0.00000   0.84850   0.00000   0.00000  -0.00000   0.00000   0.00000
   0.50037   0.00000   0.04846   0.00000   0.00000   0.00000   0.00000  -0.00000   0.00183
   0.02386   0.00000   0.09112   0.00000   0.10224   0.00000   0.00000   0.33683   0.05572
   0.13880   0.09772   0.10704   0.01215   0.00000   0.00000   0.18465   0.00000   0.00000
   0.26687   0.00000   0.02082   0.02027   0.02476   0.00000   0.22100   0.02272   0.00000
   0.00583   0.00000   0.00000  -0.00000   0.00000   0.00000   0.00000   0.66371   0.00164
   0.21534   0.25286   0.00000   0.00000   0.03635   0.00000   0.00000   0.00000   0.11765
   0.18845   0.09658   0.00000   0.00000   0.01589   0.00000   0.00000   0.00000   0.27386
   0.00000   0.00000   0.01414   0.00000   0.15446  -0.00000   0.00000   0.21285   0.16252
   0.27709   0.00000   0.06400   0.00000   0.06255   0.00000   0.12115   0.00000   0.00502
   0.25578   0.02264   0.00000   0.00000   0.02607   0.00000   0.25789   0.01713   0.00000
   0.34704   0.07864   0.00000   0.00000   0.00000   0.00000   0.00000   0.00000   0.20844
  -0.00000   0.40006   0.00000   0.00000   0.00000   0.00000   0.00000   0.00000   0.02260
   0.33868   0.02932   0.00000   0.00000   0.00000   0.00000   0.00000   0.16264   0.04738
   0.00000   0.05885   0.06853   0.00000   0.00000   0.00000   0.19405   0.00000   0.00000
   0.02325   0.00632  -0.00000  -0.00000   0.09325   0.00000   0.35309   0.02025   0.00000
   0.29156   0.00000   0.00000   0.00000   0.00000   0.00000   0.26569   0.04269   0.00000
   0.12855   0.01362   0.00000   0.00000   0.03853   0.00000   0.33666   0.00000   0.00000
   0.12780   0.17791   0.00000   0.00000   0.00000   0.00000   0.00000   0.03098   0.00439
   0.28244   0.14218   0.02739   0.00000   0.00773   0.04919  -0.00000   0.00000   0.00000
   1.00000   1.00000   1.00000   1.00000   1.00000   1.00000   1.00000   1.00000   1.00000

   0.30040   0.10168   0.22074   0.03341   0.16039   0.13536   0.11167   0.40680   0.15454
   0.62501   0.10846   0.35792   0.06477   0.03845   0.11075   0.09581   0.15780   0.04070
   0.22940   0.33230   0.37370   0.09106   0.14776   0.24917   0.36063   0.14854   0.08004
   0.68444   0.11181   0.20232   0.03869   0.02536   0.07774   0.13117   0.10332   0.09744
   0.13964   0.04986   0.04126   0.02268   0.92560   0.08395   0.05610   0.09353   0.06123
   0.08975   0.06942   0.05887   0.03630   0.96525   0.06911   0.06277   0.10336   0.05401
   0.39991   0.13143   0.15123   0.06917   0.12008   0.07142   0.40930   0.17524   0.04280
   0.51730   0.22851   0.18087   0.05160   0.07363   0.07868   0.09937   0.05362   0.38451
   0.59697   0.10223   0.23815   0.06703   0.08649   0.13603   0.12440   0.12886   0.22087
   0.07803   0.20676   0.28554   0.10469   0.12335   0.22927   0.51559   0.05349   0.20761
   0.26577   0.05464   0.53172   0.08092   0.15472   0.21604   0.12807   0.21010   0.02395
   0.27917   0.17815   0.22514   0.06209   0.13247   0.06271   0.12146   0.15968   0.51823
   0.51980   0.14743   0.18865   0.08446   0.09451   0.07206   0.14989   0.14516   0.26162
   0.49962   0.23737   0.16417   0.05642   0.09551   0.09062   0.04282   0.05167   0.41624
   0.36274   0.22185   0.14465   0.05892   0.12031   0.03323   0.04963   0.16767   0.48921
   0.06529   0.09017   0.08804   0.04930   0.03997   1.00000   0.06548   0.05258   0.06345
   0.41011   0.10276   0.13424   0.06871   0.09860   0.07748   0.45339   0.15883   0.04140
   0.33304   0.42656   0.34711   0.09578   0.15769   0.28027   0.24642   0.21071   0.13586
   0.03177   0.26542   0.11713   0.05221   0.30049   0.14959   0.27168   0.10629   0.62518
   0.27809   0.03510   0.41858   0.05425   0.08740   0.08424   0.03720   0.54074   0.02957
   0.46809   0.09792   0.24385   0.05216   0.10696   0.10247   0.12265   0.27738   0.02252
   0.33195   0.71852   0.13375   0.12225   0.08001   0.24748   0.17261   0.12540   0.11432
   0.15675   0.24949   0.09528   0.05507   0.25152   0.17946   0.27474   0.09114   0.54488
   0.33668   0.69484   0.13818   0.11354   0.07541   0.27447   0.15134   0.12823   0.09169
   0.07325   0.07365   0.08392   0.99574   0.02198   0.11526   0.09634   0.03999   0.06696
   0.70122   0.07258   0.28610   0.07028   0.04386   0.12305   0.19807   0.11589   0.07023
   0.19517   0.05418   0.20381   0.02962   0.19605   0.07214   0.06503   0.50939   0.16301
   0.33407   0.23017   0.29297   0.11924   0.01053   0.12990   0.40762   0.01956   0.02186
   0.47699   0.04327   0.13650   0.10097   0.09025   0.12105   0.40847   0.13763   0.01002
   0.27280   0.04886   0.05849   0.01699   0.03399   0.07697   0.05349   0.84225   0.07558
   0.46966   0.47135   0.05633   0.07160   0.13151   0.10542   0.08336   0.04109   0.26171
   0.40529   0.32668   0.08306   0.05588   0.18670   0.05361   0.07289   0.12896   0.48539
   0.03602   0.04694   0.18364   0.03116   0.31552   0.05941   0.21462   0.43884   0.31423
   0.44685   0.09046   0.20568   0.06414   0.14373   0.08802   0.31561   0.14319   0.09055
   0.44842   0.09904   0.10857   0.06415   0.09877   0.08358   0.43752   0.15733   0.04051
   0.55375   0.25980   0.12584   0.05862   0.08705   0.06154   0.07575   0.08795   0.35224
   0.28225   0.61659   0.15169   0.10605   0.09369   0.22164   0.21819   0.15377   0.18407
   0.56653   0.21243   0.12243   0.02416   0.01585   0.10699   0.03002   0.34388   0.17529
   0.13420   0.33860   0.39001   0.11649   0.15168   0.17700   0.54336   0.18906   0.08901
   0.25149   0.13734   0.12147   0.06538   0.20465   0.06425   0.53893   0.21933   0.07986
   0.55373   0.02464   0.06293   0.07498   0.05576   0.11358   0.48476   0.18808   0.03151
   0.34229   0.12162   0.14881   0.07270   0.12636   0.07734   0.52309   0.15923   0.04607
   0.40521   0.37418   0.12246   0.06474   0.09861   0.18753   0.17845   0.26945   0.18487
   0.53625   0.30869   0.18217   0.07701   0.06263   0.22765   0.09195   0.09730   0.04655
   1.00000   1.00000   1.00000   1.00000   1.00000   1.00000   1.00000   1.00000   1.00000
