
       0      -0.355
    0    0    0    0    0    0    0    0    0
    0    0    0    0    0    0    0    0    0
    0    0    0    0    0    0    0    0    0
    0    0    0    0    0    0    0    0    0


   0.38813E-01   0.31854E-02   0.24444E-01   0.00000E+00   0.18157E-01   0.89187E-02   0.00000E+00   0.55406E-01   0.16571E-01
   0.16935E+00   0.43571E-02   0.59905E-01   0.40228E-02   0.22169E-02   0.73648E-03   0.00000E+00   0.25164E-01   0.92216E-04
   0.40802E-01   0.35391E+00   0.33051E+00   0.00000E+00   0.12739E+00   0.11200E+00   0.26221E+00   0.00000E+00   0.00000E+00
   0.15711E+00   0.10005E-02   0.14043E-01  -0.48813E-18   0.00000E+00   0.00000E+00   0.78436E-02   0.15374E-01   0.17510E-01
   0.31837E-03  -0.22104E-19   0.00000E+00   0.00000E+00   0.48705E-02   0.44939E-04   0.00000E+00   0.00000E+00   0.36047E-04
   0.00000E+00   0.65129E-04   0.00000E+00   0.26953E-04   0.48364E-02   0.00000E+00   0.00000E+00   0.00000E+00  -0.49180E-19
   0.33284E-02   0.73771E-03   0.67920E-03   0.15932E-03   0.69266E-03  -0.47068E-20   0.30394E-02   0.85358E-03   0.00000E+00
   0.27690E-01   0.75420E-02   0.33593E-02   0.77210E-05   0.00000E+00   0.00000E+00   0.00000E+00   0.00000E+00   0.20510E-01
   0.12305E-01   0.00000E+00   0.19483E-02   0.21650E-03   0.49098E-03   0.65443E-03   0.00000E+00   0.89294E-03   0.38426E-02
   0.00000E+00   0.10397E-03   0.21836E-03   0.39028E-04   0.81274E-04   0.18227E-03   0.64709E-03   0.00000E+00   0.23825E-03
   0.13555E-01   0.58286E-07   0.41036E-01   0.12511E-02   0.12294E-01   0.99829E-02   0.46715E-03   0.12835E-01   0.00000E+00
   0.61462E-01   0.29995E-01   0.43609E-01   0.26956E-02   0.14031E-02   0.00000E+00   0.15220E-02   0.87575E-02   0.15580E+00
   0.50732E-01   0.45763E-02   0.75476E-02   0.36100E-02   0.21059E-02   0.00000E+00   0.20943E-02   0.57082E-02   0.22176E-01
   0.29012E-01   0.82662E-02   0.33003E-02   0.15871E-03   0.59315E-04   0.00000E+00   0.00000E+00   0.00000E+00   0.23920E-01
   0.41745E-02   0.17110E-02   0.67608E-03   0.10702E-03  -0.46736E-19   0.00000E+00   0.00000E+00   0.84316E-03   0.61843E-02
   0.00000E+00  -0.66010E-16   0.00000E+00   0.00000E+00  -0.31213E-16   0.45779E+01  -0.11911E-16   0.00000E+00   0.00000E+00
   0.14411E-01   0.24279E-02   0.19566E-02   0.86848E-03   0.21275E-02   0.00000E+00   0.16641E-01   0.34175E-02   0.39344E-03
   0.23638E+00   0.85298E+00   0.43693E+00   0.00000E+00   0.15739E+00   0.19847E+00   0.00000E+00   0.00000E+00   0.00000E+00
   0.00000E+00   0.16016E-01   0.00000E+00   0.00000E+00   0.15901E-01   0.29409E-02   0.16214E-01   0.00000E+00   0.62958E-01
   0.35199E-01   0.00000E+00   0.65282E-01   0.67202E-03   0.82104E-02   0.00000E+00   0.00000E+00   0.95795E-01  -0.55559E-18
   0.12808E+00   0.13590E-01   0.43016E-01   0.50598E-02   0.22807E-01   0.80256E-02   0.14401E-01   0.67034E-01   0.00000E+00
   0.87317E-03   0.30611E+00  -0.29090E-17   0.00000E+00   0.29781E-02   0.15986E-01   0.00000E+00   0.10958E-01   0.00000E+00
   0.11759E-02   0.67566E-02   0.00000E+00   0.00000E+00   0.56181E-02   0.19472E-02   0.81189E-02   0.00000E+00   0.23032E-01
   0.38384E-02   0.14096E+00   0.00000E+00   0.00000E+00   0.15531E-02   0.14521E-01   0.00000E+00   0.85658E-02   0.00000E+00
   0.00000E+00   0.00000E+00  -0.21837E-18   0.70811E+02   0.00000E+00   0.00000E+00   0.00000E+00   0.00000E+00   0.17312E+01
   0.12497E+00   0.00000E+00   0.22701E-01   0.22172E-02   0.93701E-03   0.19051E-02   0.76691E-02   0.63098E-02   0.44846E-02
   0.37252E-01   0.00000E+00   0.49450E-01   0.00000E+00   0.51901E-01   0.98057E-03   0.31122E-02   0.15681E+00   0.36145E-01
   0.37754E-02   0.25880E-02   0.29328E-02   0.84664E-03   0.00000E+00   0.45881E-03   0.44508E-02   0.00000E+00   0.00000E+00
   0.42747E-02   0.00000E+00   0.69385E-03   0.65179E-03   0.47691E-03   0.89851E-05   0.34017E-02   0.81378E-03   0.00000E+00
   0.11525E-01   0.00000E+00   0.00000E+00   0.00000E+00   0.00000E+00   0.00000E+00   0.39029E-03   0.63952E-01   0.30940E-02
   0.10209E+00   0.10773E+00   0.00000E+00  -0.62323E-18   0.21037E-01   0.00000E+00  -0.43896E-18   0.00000E+00   0.54675E-01
   0.42398E-01   0.25935E-01   0.00000E+00   0.00000E+00   0.87000E-02   0.00000E+00   0.00000E+00   0.00000E+00   0.54044E-01
   0.00000E+00   0.00000E+00   0.27571E-01   0.00000E+00   0.76889E-01  -0.21841E-18   0.28561E-01   0.11142E+00   0.84393E-01
   0.18770E-02   0.66690E-04   0.58005E-03   0.85932E-04   0.47173E-03   0.00000E+00   0.98174E-03   0.25938E-03   0.17762E-03
   0.10488E+00   0.14988E-01   0.63596E-02   0.45347E-02   0.13813E-01   0.00000E+00   0.99887E-01   0.21174E-01   0.34483E-02
   0.10888E+00   0.31762E-01   0.00000E+00   0.19304E-02   0.00000E+00   0.00000E+00  -0.24771E-18   0.00000E+00   0.64521E-01
   0.00000E+00   0.55466E-01   0.00000E+00   0.00000E+00   0.15711E-02   0.28831E-02   0.36753E-02   0.21208E-02   0.75373E-02
   0.39716E-02   0.70067E-03   0.18366E-03   0.00000E+00   0.00000E+00   0.00000E+00   0.00000E+00   0.20286E-02   0.81113E-03
   0.00000E+00   0.22449E-03   0.22117E-03   0.00000E+00   0.63044E-04   0.00000E+00   0.40682E-03   0.00000E+00   0.00000E+00
   0.56467E-02   0.36603E-02  -0.21711E-19   0.46053E-03   0.75319E-02   0.00000E+00   0.24758E-01   0.51113E-02   0.15628E-02
   0.51013E-01   0.00000E+00   0.00000E+00   0.28615E-02  -0.34659E-18   0.79193E-03   0.45444E-01   0.13703E-01   0.00000E+00
   0.93817E-02   0.25631E-02   0.13403E-02   0.69146E-03   0.28110E-02   0.00000E+00   0.18400E-01   0.24139E-02   0.37962E-03
   0.16657E-02   0.18052E-02   0.00000E+00   0.00000E+00   0.10544E-03   0.28023E-03   0.12016E-03   0.77802E-03   0.44037E-03
   0.73609E-02   0.36358E-02   0.14408E-02   0.28865E-03   0.48874E-03   0.18648E-02  -0.30189E-19   0.49746E-03   0.00000E+00
   0.10000E+01   0.10000E+01   0.10000E+01   0.10000E+01   0.10000E+01   0.10000E+01   0.10000E+01   0.10000E+01   0.10000E+01

   0.53466E-01   0.14034E-01   0.35953E-01   0.32763E-02   0.27227E-01   0.19778E-01   0.13180E-01   0.72630E-01   0.25950E-01
   0.19125E+00   0.18907E-01   0.84704E-01   0.14090E-01   0.78523E-02   0.21691E-01   0.14520E-01   0.41301E-01   0.69010E-02
   0.26499E+00   0.51283E+00   0.53411E+00   0.86162E-01   0.22064E+00   0.31220E+00   0.49713E+00   0.15059E+00   0.45041E-01
   0.16572E+00   0.14473E-01   0.30996E-01   0.53938E-02   0.31828E-02   0.11331E-01   0.23124E-01   0.23521E-01   0.21465E-01
   0.68982E-03   0.15767E-03   0.74982E-04   0.91541E-04   0.53320E-02   0.29187E-03   0.14110E-03   0.31623E-03   0.29934E-03
   0.38033E-03   0.26474E-03   0.15672E-03   0.15467E-03   0.54614E-02   0.18373E-03   0.14901E-03   0.35470E-03   0.24329E-03
   0.41336E-02   0.12026E-02   0.12832E-02   0.57538E-03   0.11004E-02   0.34070E-03   0.39467E-02   0.16122E-02   0.23383E-03
   0.33164E-01   0.12326E-01   0.83598E-02   0.19625E-02   0.30345E-02   0.28740E-02   0.38264E-02   0.11509E-02   0.24335E-01
   0.14069E-01   0.10771E-02   0.39957E-02   0.11246E-02   0.14520E-02   0.22187E-02   0.15866E-02   0.22843E-02   0.48678E-02
   0.41483E-04   0.31516E-03   0.41593E-03   0.14428E-03   0.17281E-03   0.37226E-03   0.87630E-03   0.21927E-04   0.34502E-03
   0.22997E-01   0.25708E-02   0.48428E-01   0.54534E-02   0.15201E-01   0.15849E-01   0.77404E-02   0.19805E-01   0.85359E-03
   0.88516E-01   0.55126E-01   0.67622E-01   0.14388E-01   0.33303E-01   0.11539E-01   0.28145E-01   0.35756E-01   0.18441E+00
   0.59117E-01   0.11630E-01   0.15657E-01   0.75570E-02   0.74734E-02   0.32135E-02   0.11094E-01   0.12783E-01   0.27823E-01
   0.35548E-01   0.14123E-01   0.82475E-02   0.24539E-02   0.49447E-02   0.39466E-02   0.73707E-03   0.10796E-02   0.29157E-01
   0.52619E-02   0.27827E-02   0.15767E-02   0.54658E-03   0.12595E-02   0.11903E-03   0.20192E-03   0.17929E-02   0.72971E-02
   0.29719E+00   0.37302E+00   0.28709E+00   0.18968E+00   0.16268E+00   0.52813E+01   0.27784E+00   0.23094E+00   0.30279E+00
   0.18615E-01   0.41017E-02   0.41152E-02   0.26953E-02   0.39533E-02   0.19618E-02   0.20141E-01   0.65169E-02   0.14566E-02
   0.76360E+00   0.11971E+01   0.84334E+00   0.15333E+00   0.38366E+00   0.61039E+00   0.48139E+00   0.39491E+00   0.22855E+00
   0.83960E-03   0.31920E-01   0.62703E-02   0.23959E-02   0.33593E-01   0.15537E-01   0.29579E-01   0.42191E-02   0.82192E-01
   0.50298E-01   0.19615E-02   0.77857E-01   0.76640E-02   0.14653E-01   0.40900E-02   0.41100E-02   0.11383E+00   0.35033E-02
   0.14944E+00   0.23510E-01   0.61108E-01   0.12695E-01   0.31464E-01   0.22467E-01   0.31640E-01   0.85770E-01   0.28199E-02
   0.12899E+00   0.36115E+00   0.44694E-01   0.44253E-01   0.29625E-01   0.90121E-01   0.61496E-01   0.46579E-01   0.29334E-01
   0.60681E-02   0.12282E-01   0.15892E-02   0.12958E-02   0.11498E-01   0.77363E-02   0.13128E-01   0.14191E-02   0.29562E-01
   0.63607E-01   0.16569E+00   0.24272E-01   0.19069E-01   0.13979E-01   0.49250E-01   0.23756E-01   0.24898E-01   0.84464E-02
   0.46401E+01   0.45791E+01   0.38149E+01   0.79660E+02   0.13632E+01   0.68167E+01   0.42935E+01   0.13271E+01   0.49515E+01
   0.14103E+00   0.33039E-02   0.41321E-01   0.10322E-01   0.60204E-02   0.15520E-01   0.27416E-01   0.18220E-01   0.98080E-02
   0.62171E-01   0.11958E-01   0.66188E-01   0.60813E-02   0.67444E-01   0.15680E-01   0.16232E-01   0.18633E+00   0.54160E-01
   0.52196E-02   0.35927E-02   0.42932E-02   0.16908E-02   0.32274E-04   0.15146E-02   0.61690E-02   0.66057E-04   0.82303E-04
   0.53483E-02   0.32695E-03   0.12562E-02   0.10685E-02   0.88647E-03   0.96023E-03   0.43052E-02   0.14564E-02   0.21523E-04
   0.19220E-01   0.12527E-02   0.87817E-03   0.96760E-03   0.17365E-02   0.85637E-03   0.35745E-02   0.69986E-01   0.59091E-02
   0.14615E+00   0.13712E+00   0.46547E-02   0.13053E-01   0.35568E-01   0.14306E-01   0.12769E-01   0.28978E-02   0.73456E-01
   0.57335E-01   0.40551E-01   0.44711E-02   0.38196E-02   0.21911E-01   0.19298E-02   0.32469E-02   0.90909E-02   0.67493E-01
   0.27666E-02   0.40262E-02   0.53334E-01   0.32667E-02   0.10442E+00   0.93945E-02   0.62752E-01   0.14411E+00   0.11044E+00
   0.22518E-02   0.31413E-03   0.88155E-03   0.25701E-03   0.65510E-03   0.25374E-03   0.14006E-02   0.58165E-03   0.36961E-03
   0.13110E+00   0.24753E-01   0.19499E-01   0.15752E-01   0.25097E-01   0.13984E-01   0.12231E+00   0.41325E-01   0.92021E-02
   0.12855E+00   0.49078E-01   0.16914E-01   0.88249E-02   0.13653E-01   0.59509E-02   0.93774E-02   0.12705E-01   0.78077E-01
   0.22697E-01   0.66612E-01   0.11207E-01   0.77419E-02   0.72194E-02   0.16764E-01   0.17913E-01   0.10921E-01   0.15065E-01
   0.48083E-02   0.13926E-02   0.67703E-03   0.43592E-04   0.25202E-04   0.51593E-03   0.47668E-04   0.27384E-02   0.12987E-02
   0.64452E-04   0.38255E-03   0.40232E-03   0.94717E-04   0.15576E-03   0.13697E-03   0.60431E-03   0.15103E-03   0.36471E-04
   0.10663E-01   0.66877E-02   0.26184E-02   0.29849E-02   0.10656E-01   0.15140E-02   0.29300E-01   0.10435E-01   0.36381E-02
   0.67476E-01   0.72367E-03   0.11401E-02   0.80666E-02   0.43411E-02   0.95148E-02   0.57014E-01   0.22305E-01   0.23968E-02
   0.13409E-01   0.45436E-02   0.37499E-02   0.26072E-02   0.47945E-02   0.17881E-02   0.21817E-01   0.58290E-02   0.14499E-02
   0.25858E-02   0.24261E-02   0.46890E-03   0.26978E-03   0.46375E-03   0.89554E-03   0.88059E-03   0.15015E-02   0.99131E-03
   0.94521E-02   0.49564E-02   0.26129E-02   0.10149E-02   0.95120E-03   0.33461E-02   0.75948E-03   0.13331E-02   0.36091E-03
   0.10000E+01   0.10000E+01   0.10000E+01   0.10000E+01   0.10000E+01   0.10000E+01   0.10000E+01   0.10000E+01   0.10000E+01

   0.18194   0.01495   0.11440   0.00000   0.08529   0.04180   0.00000   0.25957   0.07779
   0.51600   0.01322   0.18189   0.01221   0.00673   0.00224   0.00000   0.07637   0.00028
   0.02198   0.19253   0.17856   0.00000   0.06877   0.06041   0.14188   0.00000   0.00000
   0.61755   0.00393   0.05520  -0.00000   0.00000   0.00000   0.03084   0.06046   0.06881
   0.05277  -0.00000   0.00000   0.00000   0.82197   0.00745   0.00000   0.00000   0.00597
   0.00000   0.01119   0.00000   0.00459   0.85509   0.00000   0.00000   0.00000  -0.00000
   0.28274   0.06274   0.05746   0.01351   0.05877  -0.00000   0.25922   0.07239   0.00000
   0.38474   0.10461   0.04646   0.00011   0.00000   0.00000   0.00000   0.00000   0.28472
   0.47690   0.00000   0.07510   0.00835   0.01895   0.02524   0.00000   0.03444   0.14856
   0.00000   0.05002   0.10555   0.01886   0.03920   0.08841   0.31561   0.00000   0.11552
   0.11930   0.00000   0.36192   0.01100   0.10831   0.08778   0.00412   0.11285   0.00000
   0.15352   0.07490   0.10873   0.00673   0.00350   0.00000   0.00380   0.02183   0.38917
   0.40798   0.03675   0.06043   0.02897   0.01688   0.00000   0.01683   0.04577   0.17814
   0.36272   0.10320   0.04112   0.00198   0.00074   0.00000   0.00000   0.00000   0.29871
   0.24929   0.10220   0.04032   0.00638  -0.00000   0.00000   0.00000   0.05035   0.36943
   0.00000  -0.00000   0.00000   0.00000  -0.00000   0.86012  -0.00000   0.00000   0.00000
   0.27433   0.04621   0.03715   0.01651   0.04045   0.00000   0.31748   0.06501   0.00748
   0.07082   0.25799   0.13088   0.00000   0.04721   0.05948   0.00000   0.00000   0.00000
   0.00000   0.10588   0.00000   0.00000   0.10563   0.01952   0.10697   0.00000   0.42213
   0.14940   0.00000   0.27739   0.00285   0.03482   0.00000   0.00000   0.40784  -0.00000
   0.35736   0.03784   0.11971   0.01408   0.06345   0.02235   0.04012   0.18708   0.00000
   0.00154   0.54480  -0.00000   0.00000   0.00524   0.02820   0.00000   0.01935   0.00000
   0.01889   0.10848   0.00000   0.00000   0.09056   0.03138   0.13097   0.00000   0.37400
   0.01418   0.52642   0.00000   0.00000   0.00574   0.05378   0.00000   0.03173   0.00000
   0.00000   0.00000  -0.00000   0.85472   0.00000   0.00000   0.00000   0.00000   0.02057
   0.57061   0.00000   0.10298   0.01006   0.00425   0.00863   0.03484   0.02857   0.02040
   0.09086   0.00000   0.12062   0.00000   0.12671   0.00239   0.00760   0.38537   0.08845
   0.20117   0.13859   0.15610   0.04510   0.00000   0.02441   0.23893   0.00000   0.00000
   0.33280   0.00000   0.05378   0.05065   0.03707   0.00070   0.26551   0.06323   0.00000
   0.12663   0.00000   0.00000   0.00000   0.00000   0.00000   0.00429   0.70801   0.03399
   0.29505   0.31252   0.00000  -0.00000   0.06078   0.00000  -0.00000   0.00000   0.15845
   0.26470   0.16236   0.00000   0.00000   0.05433   0.00000   0.00000   0.00000   0.33857
   0.00000   0.00000   0.06876   0.00000   0.19255  -0.00000   0.07130   0.27888   0.21174
   0.32962   0.01173   0.10161   0.01506   0.08277   0.00000   0.17285   0.04546   0.03121
   0.31398   0.04483   0.01898   0.01355   0.04129   0.00000   0.29952   0.06333   0.01031
   0.42755   0.12436   0.00000   0.00755   0.00000   0.00000  -0.00000   0.00000   0.25303
   0.00000   0.45936   0.00000   0.00000   0.01289   0.02366   0.03014   0.01742   0.06186
   0.41673   0.07380   0.01923   0.00000   0.00000   0.00000   0.00000   0.21467   0.08550
   0.00000   0.16326   0.15921   0.00000   0.04550   0.00000   0.29451   0.00000   0.00000
   0.08995   0.05848  -0.00000   0.00734   0.12026   0.00000   0.39666   0.08161   0.02487
   0.36091   0.00000   0.00000   0.02024  -0.00000   0.00558   0.32250   0.09677   0.00000
   0.19259   0.05266   0.02747   0.01419   0.05771   0.00000   0.37917   0.04958   0.00779
   0.21763   0.23611   0.00000   0.00000   0.01375   0.03639   0.01567   0.10111   0.05784
   0.37496   0.18544   0.07306   0.01465   0.02482   0.09463  -0.00000   0.02528   0.00000
   1.00000   1.00000   1.00000   1.00000   1.00000   1.00000   1.00000   1.00000   1.00000

   0.24991   0.06545   0.16825   0.01534   0.12700   0.09248   0.06152   0.33950   0.12106
   0.57760   0.05732   0.25699   0.04275   0.02383   0.06574   0.04404   0.12532   0.02093
   0.14259   0.27332   0.28665   0.04628   0.11843   0.16803   0.26643   0.08080   0.02417
   0.65151   0.05683   0.12188   0.02121   0.01252   0.04454   0.09089   0.09246   0.08437
   0.11403   0.02611   0.01242   0.01514   0.87190   0.04835   0.02337   0.05226   0.04948
   0.06495   0.04504   0.02669   0.02639   0.91008   0.03136   0.02547   0.06054   0.04116
   0.34958   0.10165   0.10906   0.04874   0.09326   0.02890   0.33311   0.13661   0.01982
   0.45780   0.17036   0.11587   0.02716   0.04204   0.03982   0.05287   0.01594   0.33594
   0.53964   0.04150   0.15408   0.04333   0.05595   0.08551   0.06109   0.08805   0.18718
   0.02006   0.15170   0.20087   0.06946   0.08344   0.17858   0.41855   0.01059   0.16568
   0.20230   0.02262   0.42553   0.04798   0.13349   0.13938   0.06790   0.17405   0.00751
   0.22063   0.13725   0.16865   0.03588   0.08302   0.02881   0.07009   0.08922   0.45844
   0.47166   0.09294   0.12555   0.06049   0.05984   0.02576   0.08862   0.10233   0.22229
   0.44133   0.17553   0.10273   0.03056   0.06157   0.04917   0.00918   0.01346   0.36211
   0.31349   0.16571   0.09413   0.03261   0.07513   0.00710   0.01204   0.10689   0.43426
   0.05366   0.06733   0.05187   0.03427   0.02940   0.95067   0.05017   0.04171   0.05464
   0.35334   0.07792   0.07831   0.05119   0.07515   0.03731   0.38197   0.12377   0.02770
   0.22792   0.35442   0.25201   0.04574   0.11458   0.18250   0.14337   0.11811   0.06781
   0.00556   0.21008   0.04147   0.01586   0.22212   0.10185   0.19578   0.02786   0.53607
   0.21321   0.00832   0.32990   0.03252   0.06220   0.01736   0.01743   0.48161   0.01486
   0.41469   0.06543   0.17004   0.03531   0.08755   0.06251   0.08796   0.23793   0.00785
   0.22697   0.62972   0.07875   0.07782   0.05217   0.15880   0.10826   0.08190   0.05174
   0.09753   0.19655   0.02559   0.02083   0.18470   0.12369   0.21025   0.02284   0.47033
   0.23503   0.60625   0.08977   0.07034   0.05167   0.18188   0.08774   0.09187   0.03127
   0.05502   0.05429   0.04530   0.94117   0.01619   0.08097   0.05097   0.01577   0.05862
   0.63486   0.01498   0.18749   0.04676   0.02728   0.07037   0.12430   0.08273   0.04434
   0.15184   0.02913   0.16165   0.01485   0.16465   0.03832   0.03960   0.45223   0.13181
   0.27792   0.19034   0.22893   0.08999   0.00172   0.08077   0.32657   0.00352   0.00438
   0.41452   0.02541   0.09779   0.08297   0.06883   0.07438   0.33344   0.11307   0.00167
   0.21136   0.01377   0.00964   0.01062   0.01907   0.00941   0.03919   0.76633   0.06480
   0.42012   0.39412   0.01344   0.03763   0.10268   0.04129   0.03676   0.00837   0.21161
   0.35550   0.25133   0.02782   0.02377   0.13636   0.01202   0.02019   0.05662   0.41805
   0.00690   0.01003   0.13292   0.00814   0.25952   0.02345   0.15631   0.35804   0.27313
   0.39392   0.05492   0.15463   0.04508   0.11475   0.04445   0.24461   0.10196   0.06465
   0.39108   0.07395   0.05834   0.04704   0.07499   0.04181   0.36474   0.12335   0.02752
   0.50087   0.19179   0.06616   0.03450   0.05336   0.02329   0.03662   0.04977   0.30455
   0.18570   0.54004   0.09179   0.06339   0.05913   0.13723   0.14667   0.08937   0.12338
   0.50427   0.14567   0.07120   0.00457   0.00264   0.05416   0.00500   0.28479   0.13573
   0.04635   0.27119   0.28870   0.06792   0.11165   0.09863   0.43085   0.10825   0.02610
   0.17029   0.10637   0.04178   0.04760   0.16984   0.02413   0.46536   0.16606   0.05796
   0.47498   0.00512   0.00806   0.05694   0.03064   0.06730   0.40189   0.15755   0.01696
   0.27499   0.09310   0.07699   0.05347   0.09836   0.03670   0.44639   0.11947   0.02977
   0.33467   0.31393   0.06098   0.03508   0.06020   0.11680   0.11432   0.19559   0.12782
   0.47814   0.25052   0.13272   0.05154   0.04825   0.17003   0.03850   0.06764   0.01833
   1.00000   1.00000   1.00000   1.00000   1.00000   1.00000   1.00000   1.00000   1.00000
