
       0      -0.355
    0    0    0    0    0    0    0    0    0
    0    0    0    0    0    0    0    0    0
    0    0    0    0    0    0    0    0    0
    0    0    0    0    0    0    0    0    0


   0.35396E-01   0.96218E-03   0.22138E-01   0.00000E+00   0.16460E-01   0.67744E-02   0.00000E+00   0.52052E-01   0.14599E-01
   0.16321E+00   0.16279E-02   0.53913E-01   0.17315E-02   0.10243E-02   0.00000E+00   0.00000E+00   0.20426E-01   0.00000E+00
   0.00000E+00   0.32184E+00   0.29100E+00  -0.11103E-17   0.10718E+00   0.76596E-01   0.21533E+00   0.00000E+00   0.00000E+00
   0.15430E+00   0.36816E-04   0.10564E-01  -0.48813E-18  -0.82567E-19   0.00000E+00   0.59274E-02   0.12600E-01   0.16062E-01
   0.26170E-03  -0.22104E-19   0.00000E+00   0.00000E+00   0.48149E-02   0.20766E-04   0.00000E+00   0.00000E+00   0.20642E-04
   0.00000E+00   0.48258E-04   0.00000E+00   0.15387E-04   0.47451E-02   0.00000E+00   0.00000E+00   0.00000E+00  -0.49180E-19
   0.31223E-02   0.64565E-03   0.56131E-03   0.37919E-04   0.63098E-03  -0.47068E-20   0.28637E-02   0.67195E-03   0.00000E+00
   0.26452E-01   0.66195E-02   0.23838E-02   0.00000E+00   0.00000E+00   0.00000E+00   0.00000E+00   0.00000E+00   0.19428E-01
   0.11922E-01   0.00000E+00   0.14996E-02   0.75959E-05   0.35622E-03   0.32865E-03   0.00000E+00   0.57429E-03   0.36392E-02
   0.00000E+00   0.56651E-04   0.18081E-03   0.10929E-04   0.63642E-04   0.15093E-03   0.59932E-03   0.00000E+00   0.21558E-03
   0.10712E-01   0.00000E+00   0.39579E-01   0.31662E-03   0.11747E-01   0.88788E-02   0.00000E+00   0.11186E-01   0.00000E+00
   0.55556E-01   0.23724E-01   0.38750E-01   0.38670E-03   0.00000E+00   0.00000E+00   0.00000E+00   0.32118E-02   0.14848E+00
   0.48941E-01   0.30196E-02   0.57839E-02   0.27341E-02   0.13825E-02   0.00000E+00   0.30697E-03   0.42224E-02   0.21061E-01
   0.27510E-01   0.71191E-02   0.22693E-02   0.00000E+00   0.00000E+00   0.00000E+00   0.00000E+00   0.00000E+00   0.22613E-01
   0.39177E-02   0.14741E-02   0.48637E-03   0.21747E-04  -0.46736E-19   0.00000E+00   0.00000E+00   0.65053E-03   0.58853E-02
   0.00000E+00  -0.66010E-16  -0.37466E-16   0.00000E+00  -0.31213E-16   0.45281E+01  -0.11911E-16   0.00000E+00   0.00000E+00
   0.13479E-01   0.20412E-02   0.15614E-02   0.34796E-03   0.19191E-02   0.00000E+00   0.16045E-01   0.26964E-02   0.18001E-03
   0.11705E+00   0.78248E+00   0.35636E+00   0.00000E+00   0.11176E+00   0.12322E+00   0.00000E+00   0.00000E+00   0.00000E+00
   0.00000E+00   0.12026E-01   0.00000E+00   0.00000E+00   0.13486E-01   0.11305E-02   0.12879E-01   0.00000E+00   0.58410E-01
   0.30640E-01   0.00000E+00   0.62271E-01   0.00000E+00   0.69134E-02   0.00000E+00   0.00000E+00   0.91675E-01  -0.55559E-18
   0.12366E+00   0.11553E-01   0.38249E-01   0.34197E-02   0.20995E-01   0.51440E-02   0.10692E-01   0.61397E-01   0.00000E+00
   0.00000E+00   0.29557E+00  -0.32053E-17   0.00000E+00   0.00000E+00   0.25047E-02   0.00000E+00   0.34980E-02   0.00000E+00
   0.14331E-03   0.53711E-02   0.00000E+00   0.00000E+00   0.47923E-02   0.11109E-02   0.69611E-02   0.00000E+00   0.21581E-01
   0.00000E+00   0.13587E+00   0.00000E+00   0.00000E+00   0.00000E+00   0.83854E-02  -0.77368E-18   0.52361E-02   0.00000E+00
   0.00000E+00   0.00000E+00  -0.21837E-18   0.70041E+02  -0.27003E-16   0.00000E+00   0.00000E+00   0.00000E+00   0.17701E+00
   0.12150E+00   0.00000E+00   0.18663E-01   0.39724E-03   0.50937E-04   0.00000E+00   0.45496E-02   0.27553E-02   0.34004E-02
   0.30760E-01   0.00000E+00   0.46116E-01   0.00000E+00   0.49078E-01   0.00000E+00   0.30118E-03   0.15116E+00   0.32307E-01
   0.34630E-02   0.23703E-02   0.26757E-02   0.64715E-03   0.00000E+00   0.23618E-03   0.41550E-02   0.00000E+00   0.00000E+00
   0.40135E-02   0.00000E+00   0.57881E-03   0.50103E-03   0.43428E-03   0.00000E+00   0.32415E-02   0.66224E-03   0.00000E+00
   0.92868E-02   0.00000E+00   0.00000E+00   0.00000E+00   0.00000E+00   0.00000E+00   0.00000E+00   0.62658E-01   0.24325E-02
   0.90808E-01   0.10138E+00   0.00000E+00  -0.62323E-18   0.18653E-01   0.00000E+00  -0.46360E-18   0.00000E+00   0.50718E-01
   0.38151E-01   0.22889E-01   0.00000E+00   0.00000E+00   0.70332E-02   0.00000E+00   0.00000E+00   0.00000E+00   0.50731E-01
   0.00000E+00   0.00000E+00   0.22133E-01   0.00000E+00   0.72504E-01  -0.21841E-18   0.19184E-01   0.10428E+00   0.78396E-01
   0.17944E-02   0.17176E-04   0.52103E-03   0.36322E-04   0.43843E-03   0.00000E+00   0.89863E-03   0.18394E-03   0.13885E-03
   0.98858E-01   0.13057E-01   0.37462E-02   0.10846E-02   0.12520E-01   0.00000E+00   0.95872E-01   0.16555E-01   0.21086E-02
   0.10428E+00   0.28383E-01   0.00000E+00   0.53773E-03   0.00000E+00   0.00000E+00  -0.24771E-18   0.00000E+00   0.60995E-01
   0.00000E+00   0.53109E-01   0.00000E+00   0.00000E+00   0.10132E-03   0.29618E-03   0.14806E-02   0.21208E-03   0.62251E-02
   0.37674E-02   0.57879E-03   0.77316E-04   0.00000E+00   0.00000E+00   0.00000E+00   0.00000E+00   0.18876E-02   0.71339E-03
   0.00000E+00   0.17893E-03   0.18663E-03   0.00000E+00   0.45402E-04   0.00000E+00   0.36494E-03   0.00000E+00   0.00000E+00
   0.43197E-02   0.27249E-02  -0.35089E-19   0.00000E+00   0.70350E-02   0.00000E+00   0.23895E-01   0.40105E-02   0.10807E-02
   0.47819E-01   0.00000E+00   0.00000E+00   0.73796E-03  -0.34659E-18   0.00000E+00   0.43428E-01   0.11409E-01   0.00000E+00
   0.84067E-02   0.20154E-02   0.94651E-03   0.13381E-03   0.25609E-02   0.00000E+00   0.17792E-01   0.16712E-02   0.88646E-04
   0.14499E-02   0.16748E-02   0.00000E+00   0.00000E+00   0.31333E-04   0.16405E-03   0.00000E+00   0.62935E-03   0.32975E-03
   0.68914E-02   0.33726E-02   0.11768E-02   0.18668E-03   0.37698E-03   0.16199E-02  -0.30189E-19   0.29515E-03  -0.61787E-20
   0.10000E+01   0.10000E+01   0.10000E+01   0.10000E+01   0.10000E+01   0.10000E+01   0.10000E+01   0.10000E+01   0.10000E+01

   0.56409E-01   0.16190E-01   0.38592E-01   0.42890E-02   0.29328E-01   0.22211E-01   0.16051E-01   0.76377E-01   0.27923E-01
   0.19569E+00   0.24105E-01   0.90852E-01   0.16093E-01   0.92160E-02   0.25493E-01   0.19119E-01   0.44333E-01   0.87057E-02
   0.31065E+00   0.54490E+00   0.57866E+00   0.11117E+00   0.23837E+00   0.36025E+00   0.54548E+00   0.18475E+00   0.72710E-01
   0.16834E+00   0.20305E-01   0.34370E-01   0.65258E-02   0.39997E-02   0.13346E-01   0.25985E-01   0.24213E-01   0.22285E-01
   0.72813E-03   0.20142E-03   0.14498E-03   0.10522E-03   0.54325E-02   0.37660E-03   0.22650E-03   0.38555E-03   0.32121E-03
   0.41286E-03   0.31070E-03   0.22812E-03   0.17297E-03   0.56019E-02   0.27451E-03   0.23641E-03   0.42122E-03   0.26891E-03
   0.42895E-02   0.13069E-02   0.14117E-02   0.64292E-03   0.11983E-02   0.47775E-03   0.41918E-02   0.17391E-02   0.30738E-03
   0.34474E-01   0.13282E-01   0.95474E-02   0.24083E-02   0.40981E-02   0.36421E-02   0.47274E-02   0.18589E-02   0.25211E-01
   0.14452E-01   0.14969E-02   0.44219E-02   0.12919E-02   0.17160E-02   0.25665E-02   0.20967E-02   0.25691E-02   0.50902E-02
   0.71364E-04   0.34690E-03   0.47239E-03   0.16445E-03   0.19887E-03   0.40383E-03   0.92697E-03   0.42032E-04   0.36917E-03
   0.25189E-01   0.35002E-02   0.51055E-01   0.63289E-02   0.15826E-01   0.17876E-01   0.96389E-02   0.20920E-01   0.13212E-02
   0.95639E-01   0.59755E-01   0.73161E-01   0.17088E-01   0.43081E-01   0.15219E-01   0.33603E-01   0.41800E-01   0.19034E+00
   0.60826E-01   0.13239E-01   0.17537E-01   0.83680E-02   0.90732E-02   0.47915E-02   0.13246E-01   0.14268E-01   0.29088E-01
   0.37067E-01   0.15253E-01   0.93990E-02   0.29649E-02   0.61499E-02   0.48423E-02   0.13575E-02   0.18194E-02   0.30261E-01
   0.55161E-02   0.30076E-02   0.17821E-02   0.65904E-03   0.16403E-02   0.21503E-03   0.35973E-03   0.19980E-02   0.75323E-02
   0.31673E+00   0.40799E+00   0.37005E+00   0.22155E+00   0.18808E+00   0.54167E+01   0.30455E+00   0.25296E+00   0.31569E+00
   0.19546E-01   0.44809E-02   0.46812E-02   0.29397E-02   0.43480E-02   0.25548E-02   0.21226E-01   0.70614E-02   0.16503E-02
   0.86681E+00   0.12699E+01   0.93197E+00   0.20296E+00   0.42965E+00   0.71469E+00   0.58036E+00   0.47930E+00   0.29042E+00
   0.16101E-02   0.34457E-01   0.98335E-02   0.39393E-02   0.38354E-01   0.17662E-01   0.32578E-01   0.71867E-02   0.86377E-01
   0.53641E-01   0.34837E-02   0.82180E-01   0.89847E-02   0.16296E-01   0.74998E-02   0.56048E-02   0.11793E+00   0.43802E-02
   0.15369E+00   0.26550E-01   0.65925E-01   0.14308E-01   0.33351E-01   0.26432E-01   0.35195E-01   0.89510E-01   0.41507E-02
   0.14695E+00   0.37268E+00   0.53961E-01   0.51631E-01   0.34103E-01   0.10740E+00   0.71287E-01   0.55942E-01   0.39469E-01
   0.70695E-02   0.13269E-01   0.29067E-02   0.18965E-02   0.13139E-01   0.87114E-02   0.14251E-01   0.24618E-02   0.30916E-01
   0.71589E-01   0.17105E+00   0.27801E-01   0.22525E-01   0.15879E-01   0.58079E-01   0.28814E-01   0.28793E-01   0.13129E-01
   0.51051E+01   0.50010E+01   0.50371E+01   0.80996E+02   0.15765E+01   0.79408E+01   0.51716E+01   0.22254E+01   0.51542E+01
   0.14535E+00   0.73683E-02   0.45677E-01   0.11777E-01   0.71130E-02   0.18473E-01   0.32227E-01   0.20274E-01   0.11350E-01
   0.67057E-01   0.14490E-01   0.70027E-01   0.76918E-02   0.71130E-01   0.19050E-01   0.19115E-01   0.19322E+00   0.57764E-01
   0.55199E-02   0.37934E-02   0.45925E-02   0.18496E-02   0.65094E-04   0.17626E-02   0.65565E-02   0.12928E-03   0.15480E-03
   0.56175E-02   0.38386E-03   0.13748E-02   0.11297E-02   0.97529E-03   0.11257E-02   0.45856E-02   0.15453E-02   0.43007E-04
   0.20877E-01   0.20819E-02   0.17401E-02   0.11340E-02   0.21112E-02   0.16821E-02   0.39474E-02   0.71677E-01   0.61813E-02
   0.15186E+00   0.14484E+00   0.82387E-02   0.16422E-01   0.39192E-01   0.21176E-01   0.17277E-01   0.54227E-02   0.78161E-01
   0.59917E-01   0.44054E-01   0.69419E-02   0.53157E-02   0.25492E-01   0.34946E-02   0.55026E-02   0.12177E-01   0.70456E-01
   0.53147E-02   0.76887E-02   0.59555E-01   0.56767E-02   0.11173E+00   0.13272E-01   0.69285E-01   0.15146E+00   0.11538E+00
   0.23320E-02   0.36679E-03   0.95143E-03   0.28519E-03   0.70259E-03   0.32109E-03   0.15020E-02   0.64803E-03   0.40874E-03
   0.13704E+00   0.27247E-01   0.22432E-01   0.17239E-01   0.27588E-01   0.17980E-01   0.12928E+00   0.44388E-01   0.10335E-01
   0.13278E+00   0.55215E-01   0.20656E-01   0.10462E-01   0.17444E-01   0.87337E-02   0.12298E-01   0.15382E-01   0.81046E-01
   0.26116E-01   0.68936E-01   0.13294E-01   0.93905E-02   0.84376E-02   0.20267E-01   0.20435E-01   0.12924E-01   0.17118E-01
   0.49814E-02   0.16130E-02   0.78546E-03   0.83227E-04   0.51452E-04   0.66352E-03   0.92833E-04   0.28919E-02   0.14030E-02
   0.10044E-03   0.41189E-03   0.44320E-03   0.11576E-03   0.17429E-03   0.16857E-03   0.64495E-03   0.18260E-03   0.59761E-04
   0.11807E-01   0.72462E-02   0.38397E-02   0.32689E-02   0.11350E-01   0.22317E-02   0.30727E-01   0.11433E-01   0.40126E-02
   0.70917E-01   0.13755E-02   0.21639E-02   0.87408E-02   0.55372E-02   0.11304E-01   0.60650E-01   0.23526E-01   0.29775E-02
   0.14359E-01   0.49127E-02   0.45014E-02   0.28492E-02   0.52295E-02   0.23431E-02   0.22919E-01   0.63961E-02   0.16598E-02
   0.27509E-02   0.25519E-02   0.59992E-03   0.33848E-03   0.54686E-03   0.10548E-02   0.10201E-02   0.16565E-02   0.11128E-02
   0.98048E-02   0.52455E-02   0.28406E-02   0.11634E-02   0.10288E-02   0.36823E-02   0.10448E-02   0.14920E-02   0.51233E-03
   0.10000E+01   0.10000E+01   0.10000E+01   0.10000E+01   0.10000E+01   0.10000E+01   0.10000E+01   0.10000E+01   0.10000E+01

   0.16600   0.00452   0.10359   0.00000   0.07742   0.03177   0.00000   0.24399   0.06864
   0.49722   0.00493   0.16375   0.00525   0.00311   0.00000   0.00000   0.06195   0.00000
   0.00000   0.17555   0.15742  -0.00000   0.05791   0.04132   0.11675   0.00000   0.00000
   0.60656   0.00014   0.04153   0.00000  -0.00000   0.00000   0.02328   0.04952   0.06303
   0.04337  -0.00000   0.00000   0.00000   0.81908   0.00344   0.00000   0.00000   0.00342
   0.00000   0.00831   0.00000   0.00261   0.85119   0.00000   0.00000   0.00000  -0.00000
   0.26536   0.05496   0.04744   0.00321   0.05355  -0.00000   0.24482   0.05697   0.00000
   0.36771   0.09187   0.03294   0.00000   0.00000   0.00000   0.00000   0.00000   0.26981
   0.46277   0.00000   0.05778   0.00029   0.01375   0.01268   0.00000   0.02215   0.14084
   0.00000   0.02724   0.08740   0.00528   0.03068   0.07333   0.29357   0.00000   0.10468
   0.09431   0.00000   0.34960   0.00278   0.10353   0.07809   0.00000   0.09836   0.00000
   0.13884   0.05929   0.09659   0.00097   0.00000   0.00000   0.00000   0.00801   0.37122
   0.39425   0.02428   0.04629   0.02195   0.01108   0.00000   0.00247   0.03386   0.16935
   0.34407   0.08897   0.02828   0.00000   0.00000   0.00000   0.00000   0.00000   0.28267
   0.23409   0.08810   0.02900   0.00130   0.00000   0.00000   0.00000   0.03887   0.35181
   0.00000   0.00000  -0.00000   0.00000  -0.00000   0.85656   0.00000   0.00000   0.00000
   0.25682   0.03885   0.02963   0.00662   0.03648   0.00000   0.30657   0.05130   0.00342
   0.03509   0.23768   0.10676   0.00000   0.03354   0.03694   0.00000   0.00000   0.00000
   0.00000   0.07952   0.00000   0.00000   0.08968   0.00751   0.08490   0.00000   0.39419
   0.13011   0.00000   0.26475   0.00000   0.02932   0.00000   0.00000   0.39010   0.00000
   0.34543   0.03218   0.10640   0.00952   0.05840   0.01433   0.02983   0.17153   0.00000
   0.00000   0.52872  -0.00000   0.00000   0.00000   0.00442   0.00000   0.00618   0.00000
   0.00230   0.08625   0.00000   0.00000   0.07731   0.01792   0.11249   0.00000   0.35198
   0.00000   0.51025   0.00000   0.00000   0.00000   0.03105  -0.00000   0.01941   0.00000
   0.00000   0.00000  -0.00000   0.85154  -0.00000   0.00000   0.00000   0.00000   0.00210
   0.55620   0.00000   0.08464   0.00180   0.00023   0.00000   0.02069   0.01246   0.01549
   0.07499   0.00000   0.11244   0.00000   0.11982   0.00000   0.00074   0.37260   0.07918
   0.18454   0.12716   0.14232   0.03446   0.00000   0.01256   0.22378   0.00000   0.00000
   0.31290   0.00000   0.04480   0.03891   0.03376   0.00000   0.25327   0.05143   0.00000
   0.10206   0.00000   0.00000   0.00000   0.00000   0.00000   0.00000   0.69461   0.02671
   0.26267   0.29478   0.00000  -0.00000   0.05389   0.00000  -0.00000   0.00000   0.14716
   0.23836   0.14362   0.00000   0.00000   0.04395   0.00000   0.00000   0.00000   0.31852
   0.00000   0.00000   0.05518   0.00000   0.18194   0.00000   0.04792   0.26124   0.19725
   0.31529   0.00302   0.09124   0.00636   0.07695   0.00000   0.15852   0.03224   0.02442
   0.29631   0.03907   0.01117   0.00324   0.03742   0.00000   0.28790   0.04951   0.00630
   0.40962   0.11120   0.00000   0.00210   0.00000   0.00000   0.00000   0.00000   0.23921
   0.00000   0.44209   0.00000   0.00000   0.00083   0.00243   0.01214   0.00174   0.05110
   0.39522   0.06107   0.00809   0.00000   0.00000   0.00000   0.00000   0.20045   0.07534
   0.00000   0.13074   0.13432   0.00000   0.03280   0.00000   0.26502   0.00000   0.00000
   0.06877   0.04356  -0.00000   0.00000   0.11240   0.00000   0.38375   0.06406   0.01719
   0.33832   0.00000   0.00000   0.00521  -0.00000   0.00000   0.30821   0.08051   0.00000
   0.17264   0.04141   0.01939   0.00275   0.05258   0.00000   0.36719   0.03431   0.00182
   0.18970   0.21952   0.00000   0.00000   0.00409   0.02128   0.00000   0.08172   0.04348
   0.35152   0.17245   0.05964   0.00947   0.01914   0.08217  -0.00000   0.01500  -0.00000
   1.00000   1.00000   1.00000   1.00000   1.00000   1.00000   1.00000   1.00000   1.00000

   0.26357   0.07541   0.18058   0.02008   0.13661   0.10381   0.07484   0.35698   0.13011
   0.58985   0.07300   0.27553   0.04881   0.02795   0.07724   0.05797   0.13447   0.02637
   0.16701   0.28916   0.30991   0.05959   0.12762   0.19358   0.29161   0.09895   0.03893
   0.66164   0.07968   0.13514   0.02566   0.01572   0.05248   0.10212   0.09519   0.08758
   0.12042   0.03335   0.02400   0.01738   0.88162   0.06224   0.03743   0.06365   0.05301
   0.07054   0.05279   0.03879   0.02947   0.92031   0.04673   0.04040   0.07181   0.04518
   0.36265   0.11026   0.12006   0.05444   0.10146   0.04054   0.35326   0.14730   0.02603
   0.47530   0.18341   0.13230   0.03331   0.05678   0.05048   0.06527   0.02575   0.34760
   0.55324   0.05765   0.17044   0.04976   0.06610   0.09889   0.08066   0.09901   0.19555
   0.03455   0.16683   0.22801   0.07904   0.09599   0.19328   0.44087   0.02029   0.17685
   0.22171   0.03080   0.44858   0.05570   0.13888   0.15723   0.08443   0.18378   0.01162
   0.23828   0.14861   0.18254   0.04261   0.10728   0.03801   0.08362   0.10433   0.47272
   0.48453   0.10582   0.14067   0.06695   0.07262   0.03841   0.10566   0.11419   0.23216
   0.45944   0.18932   0.11710   0.03691   0.07647   0.06033   0.01689   0.02267   0.37536
   0.32859   0.17906   0.10637   0.03931   0.09779   0.01283   0.02146   0.11903   0.44797
   0.05712   0.07359   0.06681   0.04000   0.03396   0.97456   0.05493   0.04561   0.05691
   0.37051   0.08507   0.08910   0.05582   0.08260   0.04859   0.40212   0.13400   0.03139
   0.25831   0.37415   0.27823   0.06042   0.12804   0.21335   0.17240   0.14334   0.08586
   0.01065   0.22600   0.06497   0.02607   0.25290   0.11548   0.21556   0.04739   0.55893
   0.22721   0.01478   0.34828   0.03813   0.06914   0.03184   0.02376   0.49821   0.01858
   0.42601   0.07391   0.18349   0.03978   0.09277   0.07351   0.09778   0.24797   0.01156
   0.25817   0.64792   0.09502   0.09071   0.05999   0.18904   0.12542   0.09822   0.06961
   0.11363   0.21176   0.04684   0.03046   0.21082   0.13899   0.22765   0.03964   0.48996
   0.26429   0.62431   0.10276   0.08297   0.05867   0.21425   0.10636   0.10606   0.04861
   0.06042   0.05925   0.05980   0.94761   0.01868   0.09417   0.06131   0.02642   0.06092
   0.65356   0.03340   0.20732   0.05332   0.03221   0.08375   0.14590   0.09215   0.05127
   0.16375   0.03525   0.17099   0.01879   0.17363   0.04659   0.04665   0.46812   0.14044
   0.29363   0.20038   0.24490   0.09837   0.00347   0.09402   0.34636   0.00688   0.00824
   0.43448   0.02983   0.10707   0.08769   0.07566   0.08710   0.35480   0.11991   0.00334
   0.22949   0.02288   0.01910   0.01244   0.02318   0.01848   0.04324   0.78348   0.06772
   0.43531   0.41608   0.02376   0.04729   0.11297   0.06111   0.04966   0.01567   0.22493
   0.37050   0.27297   0.04312   0.03305   0.15823   0.02178   0.03417   0.07584   0.43554
   0.01325   0.01911   0.14848   0.01415   0.27702   0.03313   0.17251   0.37581   0.28440
   0.40770   0.06406   0.16692   0.05001   0.12299   0.05623   0.26199   0.11356   0.07143
   0.40820   0.08136   0.06716   0.05147   0.08239   0.05374   0.38543   0.13242   0.03091
   0.51653   0.21553   0.08078   0.04089   0.06811   0.03418   0.04800   0.06031   0.31574
   0.21325   0.55672   0.10875   0.07679   0.06906   0.16604   0.16709   0.10562   0.14008
   0.52227   0.16856   0.08267   0.00873   0.00539   0.06967   0.00973   0.30000   0.14647
   0.07221   0.29014   0.31752   0.08282   0.12454   0.12137   0.45827   0.13064   0.04263
   0.18870   0.11507   0.06129   0.05212   0.18079   0.03557   0.48738   0.18166   0.06392
   0.49832   0.00973   0.01531   0.06166   0.03904   0.07993   0.42680   0.16600   0.02107
   0.29425   0.10062   0.09240   0.05843   0.10723   0.04808   0.46844   0.13095   0.03409
   0.35509   0.32930   0.07795   0.04399   0.07088   0.13768   0.13228   0.21589   0.14299
   0.49485   0.26496   0.14427   0.05909   0.05216   0.18710   0.05290   0.07569   0.02602
   1.00000   1.00000   1.00000   1.00000   1.00000   1.00000   1.00000   1.00000   1.00000
