
       0       0.000
    0    0    0    0    0    0    0    0    0
    0    0    0    0    0    0    0    0    0
    0    0    0    0    0    0    0    0    0
    0    0    0    0    0    0    0    0    0


   0.10163E-02   0.00000E+00   0.00000E+00   0.55837E-03   0.17748E-01   0.00000E+00   0.45203E-01   0.18128E-02  -0.47548E-19
   0.00000E+00   0.00000E+00  -0.88140E-20   0.00000E+00   0.30935E-02   0.00000E+00   0.11102E-01   0.75543E-03   0.00000E+00
   0.00000E+00  -0.29568E-18   0.21268E-01   0.00000E+00   0.53006E-01   0.00000E+00   0.95710E-01  -0.46740E-18   0.00000E+00
   0.00000E+00   0.00000E+00   0.77077E-02   0.00000E+00   0.13442E+00   0.00000E+00   0.43089E-01   0.27434E-01   0.00000E+00
   0.00000E+00   0.00000E+00   0.41268E-02   0.00000E+00   0.17112E-01   0.00000E+00   0.24322E-01   0.34848E-03   0.00000E+00
   0.00000E+00   0.00000E+00   0.43979E-02   0.00000E+00   0.20075E-01   0.00000E+00   0.24957E-01   0.00000E+00   0.00000E+00
   0.00000E+00   0.00000E+00   0.89444E-03   0.14023E-03   0.53087E-02   0.00000E+00   0.34827E-02   0.52769E-04   0.00000E+00
   0.00000E+00   0.69899E-03   0.00000E+00   0.17728E-04   0.10727E-04   0.35200E-03   0.15786E-02   0.34745E-03   0.00000E+00
   0.00000E+00   0.00000E+00  -0.86924E-36   0.00000E+00   0.00000E+00   0.46864E-02   0.16090E-03   0.00000E+00   0.00000E+00
   0.00000E+00   0.00000E+00   0.10886E-04  -0.23312E-20   0.00000E+00   0.45219E-02  -0.33060E-19   0.00000E+00   0.00000E+00
   0.27331E-03   0.28848E-02   0.00000E+00   0.43497E-03   0.00000E+00   0.30289E-03   0.33301E-02   0.16874E-03   0.00000E+00
   0.00000E+00  -0.15825E-17   0.00000E+00   0.13456E+00   0.22903E-01   0.41979E-01   0.14723E-01   0.38894E-01   0.00000E+00
   0.00000E+00   0.00000E+00   0.00000E+00   0.82171E-01  -0.36594E-18   0.25157E-02   0.17988E-01   0.55547E-01   0.00000E+00
   0.00000E+00   0.00000E+00   0.00000E+00   0.60612E-01   0.65669E-03   0.00000E+00   0.00000E+00   0.00000E+00   0.00000E+00
   0.00000E+00   0.21023E-02   0.59659E-02   0.51337E-01   0.00000E+00   0.15853E-01   0.11002E+00   0.29147E-01   0.17410E-02
   0.00000E+00  -0.56470E-18   0.00000E+00   0.10565E-01   0.00000E+00   0.00000E+00   0.14676E+00   0.40815E-01   0.00000E+00
  -0.62450E-19   0.00000E+00   0.00000E+00   0.43496E-01   0.96293E-02   0.11967E-01   0.28116E-01   0.16984E-01   0.22309E-03
   0.00000E+00   0.00000E+00   0.00000E+00   0.86120E-01   0.65745E-01   0.62017E-01   0.00000E+00   0.12073E-01   0.00000E+00
   0.00000E+00   0.00000E+00   0.23189E-03   0.14853E-02   0.49871E-03   0.00000E+00   0.33113E-02   0.00000E+00   0.00000E+00
   0.00000E+00   0.00000E+00   0.27009E+00   0.00000E+00  -0.16318E-17   0.00000E+00  -0.52975E-17  -0.33905E-17   0.00000E+00
   0.00000E+00   0.00000E+00   0.47394E-01   0.00000E+00   0.26949E-02   0.00000E+00  -0.81589E-18  -0.41266E-18   0.00000E+00
  -0.26234E-18  -0.63504E-18   0.12449E+00   0.00000E+00   0.00000E+00   0.00000E+00  -0.29600E-17   0.00000E+00   0.00000E+00
  -0.59612E-19  -0.97608E-18  -0.18110E-18   0.00000E+00   0.00000E+00  -0.11910E-18   0.13797E+00   0.00000E+00   0.00000E+00
   0.00000E+00   0.86167E-01   0.89716E-02   0.10245E-01   0.00000E+00   0.85578E-02   0.82819E-01   0.00000E+00   0.00000E+00
   0.00000E+00   0.14477E-01   0.13492E-02   0.16171E-02   0.00000E+00   0.12507E-02   0.11034E-01   0.39959E-03   0.00000E+00
   0.00000E+00   0.24344E-02   0.43539E-03   0.37048E-03  -0.50445E-20   0.46394E-03   0.25939E-02   0.23917E-03   0.00000E+00
  -0.10932E-18   0.21669E-01   0.14018E-02   0.18412E-02   0.00000E+00   0.58083E-02   0.70356E-03  -0.15590E-18   0.00000E+00
   0.00000E+00   0.16222E-01   0.12075E-02   0.50919E-03   0.00000E+00   0.18334E-02   0.60018E-02   0.00000E+00   0.00000E+00
   0.00000E+00  -0.72246E-20   0.24779E-02   0.00000E+00   0.00000E+00   0.18022E-03   0.61159E-02   0.69608E-03   0.13352E-02
   0.20701E-03   0.34897E-02   0.19841E-02   0.00000E+00   0.00000E+00   0.00000E+00   0.27351E-02   0.19248E-02   0.00000E+00
   0.68363E+02  -0.10869E-18   0.00000E+00   0.00000E+00   0.00000E+00   0.00000E+00   0.00000E+00  -0.30793E-17  -0.81642E-15
   0.00000E+00  -0.11365E-17  -0.70914E-16  -0.20147E-16   0.00000E+00   0.00000E+00  -0.20766E-16  -0.28717E-16   0.43841E+01
  -0.45918E-18  -0.17143E-18   0.91201E-01   0.00000E+00   0.39317E-01   0.13707E-01   0.79424E-01   0.00000E+00   0.00000E+00
  -0.52877E-17   0.00000E+00   0.59291E+00   0.00000E+00   0.00000E+00   0.15762E-02   0.00000E+00   0.16246E+00   0.00000E+00
  -0.15132E-17   0.96566E-01   0.24182E+00   0.00000E+00   0.00000E+00   0.53557E-01   0.00000E+00   0.19697E+00   0.59246E-02
  -0.58963E-22   0.29562E-02   0.22363E-02   0.00000E+00   0.19167E-01   0.26514E-02   0.00000E+00   0.00000E+00   0.00000E+00
   0.00000E+00   0.35801E-02   0.31425E-02   0.00000E+00   0.51598E-01   0.70428E-02   0.00000E+00   0.00000E+00   0.00000E+00
   0.00000E+00   0.25604E-03   0.10674E-03   0.00000E+00   0.00000E+00   0.35970E-05   0.00000E+00   0.10292E-03   0.00000E+00
   0.00000E+00   0.00000E+00   0.16900E-01   0.00000E+00   0.43346E-01   0.31841E-02   0.31645E-01   0.00000E+00   0.00000E+00
   0.00000E+00   0.48016E-03   0.00000E+00   0.00000E+00   0.17131E-03   0.18881E-04   0.00000E+00   0.10267E-03   0.99802E-04
   0.00000E+00   0.00000E+00   0.00000E+00   0.00000E+00   0.75623E-03   0.00000E+00   0.11310E+00   0.10493E-01   0.00000E+00
   0.00000E+00   0.38967E-01   0.00000E+00   0.81951E-02   0.00000E+00  -0.31112E-18   0.39029E-01   0.00000E+00   0.00000E+00
   0.00000E+00   0.00000E+00   0.00000E+00   0.58492E-02   0.00000E+00   0.94363E-02   0.38586E-02   0.36643E-01   0.44862E-02
   0.10000E+01   0.10000E+01   0.10000E+01   0.10000E+01   0.10000E+01   0.10000E+01   0.10000E+01   0.10000E+01   0.10000E+01

   0.10013E-01   0.18712E-01   0.16803E-01   0.18483E-01   0.32254E-01   0.11171E-01   0.66262E-01   0.21865E-01   0.90276E-02
   0.15983E-02   0.31246E-02   0.22114E-02   0.33915E-02   0.56209E-02   0.20619E-02   0.15631E-01   0.54746E-02   0.34882E-02
   0.14771E-01   0.19224E-01   0.63099E-01   0.22994E-01   0.88377E-01   0.21636E-01   0.14227E+00   0.28445E-01   0.16018E-01
   0.24418E-01   0.45251E-01   0.70886E-01   0.57619E-01   0.20596E+00   0.51458E-01   0.11438E+00   0.88674E-01   0.23585E-01
   0.36192E-02   0.70468E-02   0.15527E-01   0.38873E-02   0.27387E-01   0.51945E-02   0.37637E-01   0.12076E-01   0.57717E-02
   0.43869E-02   0.34344E-02   0.18107E-01   0.42703E-02   0.33033E-01   0.75473E-02   0.40666E-01   0.12057E-01   0.70328E-02
   0.96041E-03   0.72997E-03   0.35016E-02   0.25374E-02   0.80949E-02   0.19446E-02   0.61165E-02   0.22741E-02   0.49082E-03
   0.34109E-03   0.18102E-02   0.53359E-03   0.84458E-03   0.49317E-03   0.79636E-03   0.25102E-02   0.11203E-02   0.50908E-03
   0.12400E-03   0.32639E-03   0.29708E-03   0.55477E-03   0.36682E-03   0.57547E-02   0.82650E-03   0.23700E-03   0.49745E-03
   0.20214E-03   0.35966E-03   0.40723E-03   0.58678E-03   0.31982E-03   0.59523E-02   0.53577E-03   0.34239E-03   0.39644E-03
   0.12321E-02   0.52192E-02   0.51632E-03   0.18270E-02   0.11900E-03   0.10936E-02   0.59552E-02   0.16286E-02   0.16726E-02
   0.11512E-01   0.26347E-01   0.21648E-01   0.20937E+00   0.66535E-01   0.78634E-01   0.80447E-01   0.82587E-01   0.28563E-01
   0.11969E-01   0.87160E-02   0.91750E-02   0.13142E+00   0.68607E-02   0.19122E-01   0.63471E-01   0.93601E-01   0.14561E-01
   0.13997E-02   0.47023E-02   0.44430E-02   0.78401E-01   0.69427E-02   0.29796E-02   0.23581E-01   0.53829E-02   0.76955E-02
   0.17127E-01   0.43217E-01   0.31428E-01   0.10232E+00   0.78631E-02   0.36606E-01   0.16226E+00   0.75819E-01   0.37820E-01
   0.19217E-01   0.27330E-01   0.29734E-01   0.51888E-01   0.13920E-01   0.11386E-01   0.20572E+00   0.10403E+00   0.40045E-01
   0.66540E-02   0.22649E-01   0.21065E-01   0.86376E-01   0.33056E-01   0.33563E-01   0.66542E-01   0.45990E-01   0.27908E-01
   0.12301E-01   0.82653E-01   0.17227E-01   0.17241E+00   0.12835E+00   0.12630E+00   0.14448E-01   0.74198E-01   0.22168E-01
   0.20091E-03   0.27102E-03   0.18544E-02   0.32785E-02   0.16856E-02   0.15033E-03   0.53378E-02   0.10419E-02   0.11186E-02
   0.65936E-01   0.88323E-01   0.40577E+00   0.69820E-01   0.62047E-01   0.45121E-01   0.17791E+00   0.72945E-01   0.13483E+00
   0.12559E-01   0.24922E-01   0.75735E-01   0.18007E-01   0.21923E-01   0.11080E-01   0.32507E-01   0.18125E-01   0.26170E-01
   0.29606E-01   0.37245E-01   0.18774E+00   0.34370E-01   0.23652E-01   0.20320E-01   0.85018E-01   0.35969E-01   0.72125E-01
   0.16305E-01   0.48791E-01   0.33928E-01   0.45028E-01   0.42829E-01   0.20740E-01   0.20139E+00   0.59226E-01   0.27920E-01
   0.20210E-01   0.14522E+00   0.33759E-01   0.54158E-01   0.12610E-01   0.30970E-01   0.14451E+00   0.33529E-01   0.28636E-01
   0.34447E-02   0.23692E-01   0.54929E-02   0.85295E-02   0.20240E-02   0.48934E-02   0.20613E-01   0.65298E-02   0.42217E-02
   0.78625E-03   0.48432E-02   0.15800E-02   0.21073E-02   0.47138E-03   0.13528E-02   0.46258E-02   0.17709E-02   0.85323E-03
   0.40159E-02   0.33721E-01   0.88663E-02   0.14096E-01   0.47682E-02   0.12481E-01   0.13434E-01   0.69965E-02   0.36032E-02
   0.33940E-02   0.25330E-01   0.60915E-02   0.79129E-02   0.20782E-02   0.58624E-02   0.15580E-01   0.68191E-02   0.36900E-02
   0.14172E-02   0.15805E-02   0.55520E-02   0.18444E-02   0.96120E-03   0.12146E-02   0.10427E-01   0.34413E-02   0.44570E-02
   0.22111E-02   0.77564E-02   0.44593E-02   0.35582E-03   0.39087E-03   0.18072E-03   0.63114E-02   0.53066E-02   0.23108E-02
   0.85227E+02   0.86534E+01   0.63753E+01   0.33363E+01   0.55911E+01   0.18293E+01   0.58095E+01   0.70283E+01   0.94355E+01
   0.27498E+00   0.35373E+00   0.45159E+00   0.29000E+00   0.34067E+00   0.20544E+00   0.34489E+00   0.46159E+00   0.55738E+01
   0.24292E-01   0.27296E-01   0.16152E+00   0.14332E-01   0.87735E-01   0.45364E-01   0.16286E+00   0.17870E-01   0.31821E-01
   0.31298E+00   0.79262E+00   0.14553E+01   0.68611E+00   0.46682E+00   0.52693E+00   0.10655E+01   0.11295E+01   0.90446E+00
   0.16350E+00   0.65314E+00   0.63581E+00   0.27850E+00   0.14613E+00   0.27391E+00   0.40234E+00   0.68846E+00   0.45008E+00
   0.32897E-02   0.16557E-01   0.15244E-01   0.50319E-02   0.34683E-01   0.15673E-01   0.95811E-02   0.57782E-02   0.10870E-01
   0.77318E-02   0.37751E-01   0.39409E-01   0.13789E-01   0.97232E-01   0.45237E-01   0.44632E-02   0.17340E-01   0.22040E-01
   0.15638E-03   0.74462E-03   0.48231E-03   0.26065E-03   0.12902E-03   0.21166E-03   0.16246E-03   0.53631E-03   0.24523E-03
   0.89272E-02   0.11112E-01   0.51700E-01   0.19987E-01   0.76430E-01   0.29813E-01   0.65654E-01   0.12479E-01   0.75201E-02
   0.20436E-03   0.10596E-02   0.40288E-03   0.10338E-03   0.44208E-03   0.24551E-03   0.14539E-03   0.60055E-03   0.47619E-03
   0.14239E-01   0.43633E-01   0.12987E-01   0.25446E-01   0.14944E-01   0.89050E-02   0.15588E+00   0.53857E-01   0.26778E-01
   0.98087E-02   0.67795E-01   0.32443E-02   0.27116E-01   0.40533E-02   0.70929E-02   0.74350E-01   0.73391E-02   0.17332E-01
   0.81338E-02   0.13344E-01   0.62544E-02   0.24544E-01   0.28404E-02   0.17039E-01   0.31530E-01   0.57780E-01   0.22535E-01
   0.10000E+01   0.10000E+01   0.10000E+01   0.10000E+01   0.10000E+01   0.10000E+01   0.10000E+01   0.10000E+01   0.10000E+01

   0.00816   0.00000   0.00000   0.00447   0.14279   0.00000   0.36495   0.01447  -0.00000
   0.00000   0.00000  -0.00000   0.00000   0.11998   0.00000   0.43241   0.02909   0.00000
   0.00000  -0.00000   0.08344   0.00000   0.20836   0.00000   0.37670   0.00000   0.00000
   0.00000   0.00000   0.01926   0.00000   0.33735   0.00000   0.10780   0.06836   0.00000
   0.00000   0.00000   0.05729   0.00000   0.23823   0.00000   0.33869   0.00480   0.00000
   0.00000   0.00000   0.05499   0.00000   0.25164   0.00000   0.31251   0.00000   0.00000
   0.00000   0.00000   0.05349   0.00839   0.31820   0.00000   0.20813   0.00314   0.00000
   0.00000   0.12383   0.00000   0.00311   0.00189   0.06186   0.27772   0.06079   0.00000
   0.00000   0.00000   0.00000   0.00000   0.00000   0.81181   0.02660   0.00000   0.00000
   0.00000   0.00000   0.00188  -0.00000   0.00000   0.84118   0.00000   0.00000   0.00000
   0.02117   0.22632   0.00000   0.03372   0.00000   0.02353   0.26029   0.01297   0.00000
   0.00000   0.00000   0.00000   0.33426   0.05637   0.10261   0.03586   0.09483   0.00000
   0.00000   0.00000   0.00000   0.35063  -0.00000   0.01067   0.07648   0.23657   0.00000
   0.00000   0.00000   0.00000   0.67606   0.00719   0.00000   0.00000   0.00000   0.00000
   0.00000   0.00588   0.01663   0.14372   0.00000   0.04408   0.30789   0.08112   0.00485
   0.00000  -0.00000   0.00000   0.03207   0.00000   0.00000   0.44763   0.12414   0.00000
   0.00000   0.00000   0.00000   0.20441   0.04542   0.05655   0.13199   0.07952   0.00105
   0.00000   0.00000   0.00000   0.21628   0.16664   0.15637   0.00000   0.03013   0.00000
   0.00000   0.00000   0.02457   0.15918   0.05300   0.00000   0.34677   0.00000   0.00000
   0.00000   0.00000   0.48866   0.00000  -0.00000   0.00000   0.00000  -0.00000   0.00000
   0.00000   0.00000   0.39935   0.00000   0.02212   0.00000   0.00000   0.00000   0.00000
   0.00000   0.00000   0.47086   0.00000   0.00000   0.00000   0.00000   0.00000   0.00000
   0.00000  -0.00000  -0.00000   0.00000   0.00000  -0.00000   0.56225   0.00000   0.00000
   0.00000   0.25979   0.02687   0.03066   0.00000   0.02557   0.24842   0.00000   0.00000
   0.00000   0.27776   0.02570   0.03078   0.00000   0.02376   0.21031   0.00757   0.00000
   0.00000   0.20942   0.03716   0.03141   0.00000   0.03934   0.22036   0.02015   0.00000
   0.00000   0.34982   0.02244   0.02941   0.00000   0.09295   0.01117   0.00000   0.00000
   0.00000   0.33636   0.02482   0.01046   0.00000   0.03761   0.12315   0.00000   0.00000
   0.00000  -0.00000   0.12823   0.00000   0.00000   0.00920   0.31489   0.03546   0.06809
   0.01097   0.18914   0.10681   0.00000   0.00000   0.00000   0.14507   0.10183   0.00000
   0.85059  -0.00000   0.00000   0.00000   0.00000   0.00000   0.00000  -0.00000  -0.00000
   0.00000   0.00000  -0.00000  -0.00000   0.00000   0.00000  -0.00000  -0.00000   0.84947
  -0.00000   0.00000   0.26611   0.00000   0.11425   0.03956   0.22959   0.00000   0.00000
   0.00000   0.00000   0.18204   0.00000   0.00000   0.00047   0.00000   0.04862   0.00000
   0.00000   0.05263   0.13280   0.00000   0.00000   0.02890   0.00000   0.10674   0.00319
   0.00000   0.04762   0.03581   0.00000   0.31453   0.04262   0.00000   0.00000   0.00000
   0.00000   0.02340   0.02065   0.00000   0.35125   0.04651   0.00000   0.00000   0.00000
   0.00000   0.18781   0.07865   0.00000   0.00000   0.00260   0.00000   0.07404   0.00000
   0.00000   0.00000   0.10649   0.00000   0.27353   0.01989   0.19812   0.00000   0.00000
   0.00000   0.23614   0.00000   0.00000   0.08325   0.00906   0.00000   0.04943   0.04844
   0.00000   0.00000   0.00000   0.00000   0.00345   0.00000   0.52032   0.04733   0.00000
   0.00000   0.27927   0.00000   0.05794   0.00000  -0.00000   0.27611   0.00000   0.00000
   0.00000   0.00000   0.00000   0.05146   0.00000   0.08320   0.03400   0.32510   0.03945
   1.00000   1.00000   1.00000   1.00000   1.00000   1.00000   1.00000   1.00000   1.00000

   0.07989   0.14838   0.13382   0.14751   0.25645   0.08908   0.52469   0.17517   0.07229
   0.06149   0.11989   0.08506   0.13065   0.21523   0.07932   0.59516   0.21085   0.13426
   0.05763   0.07488   0.24568   0.09009   0.34325   0.08415   0.55009   0.11117   0.06268
   0.06091   0.11239   0.17594   0.14366   0.50974   0.12796   0.28470   0.22132   0.05889
   0.04998   0.09698   0.21396   0.05379   0.37610   0.07172   0.51610   0.16714   0.07991
   0.05451   0.04261   0.22409   0.05316   0.40804   0.09338   0.50006   0.14993   0.08761
   0.05726   0.04349   0.20791   0.15099   0.48023   0.11579   0.36331   0.13567   0.02930
   0.05982   0.31452   0.09284   0.14784   0.08600   0.13907   0.43745   0.19657   0.08896
   0.02042   0.05342   0.04871   0.09108   0.05979   0.92033   0.13613   0.03893   0.08155
   0.03429   0.06145   0.06823   0.09973   0.05261   0.95886   0.09230   0.05768   0.06718
   0.09552   0.40132   0.04006   0.14142   0.00922   0.08452   0.45692   0.12673   0.12899
   0.02814   0.06430   0.05262   0.50440   0.16135   0.19207   0.19646   0.20189   0.06994
   0.05081   0.03691   0.03894   0.55474   0.02911   0.08119   0.26890   0.39676   0.06191
   0.01533   0.05141   0.04864   0.85458   0.07579   0.03257   0.25870   0.05897   0.08467
   0.04761   0.11988   0.08746   0.28275   0.02191   0.10169   0.44858   0.21100   0.10506
   0.05830   0.08277   0.09002   0.15740   0.04217   0.03453   0.61723   0.31544   0.12138
   0.03118   0.10533   0.09788   0.40339   0.15375   0.15579   0.31080   0.21507   0.13039
   0.03059   0.20556   0.04257   0.42461   0.31374   0.31014   0.03598   0.18421   0.05524
   0.02104   0.02839   0.19297   0.33769   0.17515   0.01572   0.55872   0.10984   0.11757
   0.11537   0.15484   0.70210   0.12197   0.10927   0.07905   0.31072   0.12811   0.23570
   0.10223   0.20289   0.60743   0.14655   0.17867   0.09035   0.26387   0.14777   0.21284
   0.10826   0.13659   0.67949   0.12555   0.08708   0.07463   0.31136   0.13208   0.26331
   0.06444   0.19355   0.13378   0.18233   0.16561   0.08270   0.78781   0.23791   0.11126
   0.06029   0.43127   0.10066   0.16124   0.03773   0.09243   0.42907   0.10029   0.08554
   0.06536   0.44716   0.10414   0.16149   0.03852   0.09289   0.38966   0.12415   0.08023
   0.06645   0.40586   0.13267   0.17810   0.03989   0.11423   0.38974   0.15056   0.07232
   0.06396   0.53174   0.14036   0.22326   0.07591   0.19816   0.21488   0.11147   0.05743
   0.06951   0.51523   0.12445   0.16166   0.04269   0.12007   0.31856   0.13977   0.07566
   0.07229   0.08020   0.28091   0.09402   0.04904   0.06183   0.52680   0.17572   0.22756
   0.11695   0.40570   0.23332   0.01883   0.02068   0.00957   0.33379   0.28223   0.12284
   0.98876   0.10224   0.07520   0.03943   0.06580   0.02155   0.06846   0.08290   0.11149
   0.05066   0.06396   0.08163   0.05234   0.06235   0.03751   0.06318   0.08379   0.99613
   0.06953   0.07813   0.46073   0.04133   0.25122   0.13000   0.46228   0.05126   0.09145
   0.09249   0.23355   0.42213   0.20421   0.13651   0.15493   0.31541   0.33487   0.26863
   0.08701   0.34670   0.33338   0.14833   0.07769   0.14515   0.21569   0.36639   0.24065
   0.05238   0.26232   0.24053   0.08053   0.54081   0.24711   0.15292   0.09270   0.17239
   0.05055   0.24745   0.25454   0.08990   0.61554   0.29064   0.02923   0.11347   0.14274
   0.11123   0.52533   0.33451   0.18561   0.09115   0.14962   0.11659   0.38315   0.17602
   0.05518   0.06858   0.31762   0.12390   0.46880   0.18344   0.40161   0.07713   0.04672
   0.09752   0.49844   0.19241   0.04974   0.20977   0.11772   0.07028   0.28662   0.22607
   0.06411   0.19596   0.05874   0.11548   0.06705   0.04013   0.69226   0.24389   0.12108
   0.06926   0.47502   0.02298   0.19128   0.02872   0.05008   0.52177   0.05186   0.12259
   0.07162   0.11657   0.05507   0.21537   0.02498   0.14955   0.27722   0.50747   0.19830
   1.00000   1.00000   1.00000   1.00000   1.00000   1.00000   1.00000   1.00000   1.00000
