
       0       0.000
    0    0    0    0    0    0    0    0    0
    0    0    0    0    0    0    0    0    0
    0    0    0    0    0    0    0    0    0
    0    0    0    0    0    0    0    0    0


   0.28620E-02   0.10068E-02   0.29741E-02   0.45873E-02   0.20855E-01   0.12142E-02   0.49837E-01   0.56002E-02  -0.13281E-20
   0.98572E-04   0.00000E+00   0.00000E+00   0.68039E-03   0.36475E-02   0.31105E-03   0.12115E-01   0.15742E-02   0.45602E-03
   0.69987E-03   0.00000E+00   0.29052E-01   0.00000E+00   0.61064E-01   0.00000E+00   0.10778E+00   0.00000E+00   0.00000E+00
   0.17069E-02   0.00000E+00   0.23801E-01   0.33773E-02   0.15085E+00   0.00000E+00   0.60332E-01   0.39458E-01   0.00000E+00
   0.00000E+00   0.00000E+00   0.64868E-02   0.00000E+00   0.19501E-01   0.00000E+00   0.27559E-01   0.23030E-02   0.00000E+00
   0.00000E+00   0.00000E+00   0.72274E-02   0.00000E+00   0.22972E-01   0.00000E+00   0.29005E-01   0.21339E-02   0.00000E+00
   0.48920E-04   0.00000E+00   0.14874E-02   0.63739E-03   0.59598E-02   0.00000E+00   0.41329E-02   0.46958E-03   0.00000E+00
   0.25040E-04   0.90890E-03   0.29598E-04   0.22035E-03   0.11298E-03   0.43476E-03   0.17946E-02   0.50477E-03   0.00000E+00
   0.00000E+00   0.00000E+00  -0.86924E-36   0.00000E+00   0.20503E-04   0.48292E-02   0.27431E-03   0.00000E+00   0.39976E-04
   0.15165E-04   0.00000E+00   0.53521E-04   0.00000E+00   0.00000E+00   0.47541E-02   0.00000E+00   0.00000E+00   0.00000E+00
   0.46105E-03   0.32536E-02   0.00000E+00   0.80946E-03   0.00000E+00   0.41496E-03   0.38921E-02   0.47196E-03   0.12073E-03
   0.00000E+00  -0.15825E-17   0.00000E+00   0.15037E+00   0.32051E-01   0.49294E-01   0.34204E-01   0.47474E-01   0.00000E+00
   0.00000E+00   0.00000E+00   0.00000E+00   0.93136E-01   0.00000E+00   0.64755E-02   0.31769E-01   0.63452E-01   0.00000E+00
   0.00000E+00   0.00000E+00   0.00000E+00   0.63730E-01   0.26315E-02   0.00000E+00   0.86930E-02   0.00000E+00   0.00000E+00
   0.26974E-02   0.12056E-01   0.10856E-01   0.64976E-01   0.00000E+00   0.19939E-01   0.12205E+00   0.39219E-01   0.99600E-02
   0.15014E-02   0.00000E+00   0.00000E+00   0.22103E-01   0.00000E+00   0.28974E-03   0.16453E+00   0.53894E-01   0.51168E-02
  -0.62450E-19   0.00000E+00   0.21553E-03   0.52374E-01   0.14776E-01   0.16550E-01   0.38134E-01   0.22781E-01   0.58830E-02
   0.00000E+00   0.19577E-01   0.00000E+00   0.10529E+00   0.79875E-01   0.73910E-01   0.00000E+00   0.25831E-01   0.00000E+00
   0.00000E+00   0.00000E+00   0.52239E-03   0.18632E-02   0.76511E-03   0.00000E+00   0.38732E-02   0.35376E-04   0.00000E+00
   0.00000E+00   0.00000E+00   0.29486E+00   0.24483E-02   0.00000E+00   0.20546E-03  -0.52975E-17  -0.19784E-17   0.11088E-01
   0.00000E+00   0.14560E-02   0.52927E-01   0.00000E+00   0.61720E-02   0.99694E-03  -0.81589E-18  -0.41266E-18   0.16192E-02
  -0.26234E-18  -0.63504E-18   0.13637E+00   0.50271E-02   0.00000E+00   0.15815E-03  -0.29600E-17   0.00000E+00   0.12929E-01
  -0.59612E-19   0.00000E+00  -0.51494E-19   0.45292E-02   0.52816E-02  -0.90456E-19   0.15244E+00   0.87590E-02   0.00000E+00
   0.46150E-03   0.95797E-01   0.14482E-01   0.20871E-01   0.12155E-02   0.12218E-01   0.97581E-01   0.32594E-02   0.00000E+00
   0.25630E-03   0.15986E-01   0.23837E-02   0.32840E-02   0.15321E-03   0.18510E-02   0.13239E-01   0.14815E-02   0.00000E+00
   0.17550E-04   0.28675E-02   0.69547E-03   0.80336E-03  -0.50445E-20   0.62012E-03   0.30914E-02   0.55046E-03   0.00000E+00
   0.00000E+00   0.23645E-01   0.38226E-02   0.47514E-02   0.92209E-03   0.70218E-02   0.43485E-02  -0.15590E-18   0.00000E+00
   0.83059E-04   0.17694E-01   0.26284E-02   0.22059E-02   0.00000E+00   0.25179E-02   0.82692E-02   0.95342E-03   0.00000E+00
   0.16859E-03   0.00000E+00   0.30707E-02   0.20716E-03   0.00000E+00   0.41135E-03   0.71897E-02   0.13506E-02   0.19763E-02
   0.60260E-03   0.42403E-02   0.25809E-02   0.00000E+00   0.00000E+00   0.00000E+00   0.36197E-02   0.26149E-02   0.16657E-03
   0.70255E+02  -0.92659E-19   0.00000E+00   0.00000E+00   0.71701E+00   0.00000E+00   0.00000E+00  -0.30793E-17   0.00000E+00
   0.00000E+00  -0.79010E-18  -0.70914E-16  -0.12577E-16   0.00000E+00   0.00000E+00   0.00000E+00  -0.15702E-16   0.44890E+01
  -0.45918E-18  -0.17143E-18   0.10498E+00   0.00000E+00   0.49019E-01   0.20186E-01   0.10017E+00   0.00000E+00   0.00000E+00
  -0.52877E-17   0.00000E+00   0.77382E+00   0.00000E+00   0.00000E+00   0.11671E+00   0.16175E+00   0.37426E+00   0.16879E+00
  -0.15132E-17   0.20680E+00   0.32843E+00   0.00000E+00   0.00000E+00   0.10512E+00   0.40152E-02   0.30213E+00   0.99721E-01
  -0.58963E-22   0.62751E-02   0.57447E-02   0.00000E+00   0.22516E-01   0.49094E-02   0.15626E-03   0.00000E+00   0.21357E-02
   0.00000E+00   0.11811E-01   0.14055E-01   0.00000E+00   0.61885E-01   0.13840E-01   0.00000E+00   0.00000E+00   0.30596E-02
   0.00000E+00   0.35004E-03   0.20683E-03   0.00000E+00   0.00000E+00   0.49807E-04   0.00000E+00   0.19518E-03   0.00000E+00
   0.00000E+00   0.00000E+00   0.23932E-01   0.00000E+00   0.50672E-01   0.77801E-02   0.40814E-01   0.00000E+00   0.00000E+00
   0.20665E-05   0.59138E-03   0.87973E-04   0.00000E+00   0.22582E-03   0.62394E-04   0.00000E+00   0.20137E-03   0.19276E-03
   0.15050E-02   0.73193E-02   0.00000E+00   0.47586E-02   0.36324E-02   0.00000E+00   0.12238E+00   0.18768E-01   0.10073E-02
   0.55481E-03   0.43404E-01   0.00000E+00   0.13194E-01   0.00000E+00  -0.20991E-23   0.47250E-01   0.00000E+00   0.21554E-02
   0.19554E-03   0.00000E+00   0.00000E+00   0.11568E-01   0.00000E+00   0.11200E-01   0.12709E-01   0.40207E-01   0.92647E-02
   0.10000E+01   0.10000E+01   0.10000E+01   0.10000E+01   0.10000E+01   0.10000E+01   0.10000E+01   0.10000E+01   0.10000E+01

   0.79210E-02   0.13081E-01   0.12576E-01   0.14671E-01   0.28890E-01   0.79868E-02   0.61677E-01   0.16558E-01   0.50334E-02
   0.11788E-02   0.19748E-02   0.11732E-02   0.26234E-02   0.50647E-02   0.14872E-02   0.14592E-01   0.42301E-02   0.25794E-02
   0.10184E-01   0.12461E-01   0.51050E-01   0.16011E-01   0.80184E-01   0.15305E-01   0.13306E+00   0.18034E-01   0.88303E-02
   0.16801E-01   0.30959E-01   0.58364E-01   0.41322E-01   0.18942E+00   0.37360E-01   0.96927E-01   0.73005E-01   0.13922E-01
   0.23314E-02   0.46912E-02   0.12753E-01   0.18665E-02   0.25062E-01   0.34394E-02   0.34640E-01   0.88930E-02   0.37896E-02
   0.28875E-02   0.13930E-02   0.14829E-01   0.18964E-02   0.30038E-01   0.54502E-02   0.37432E-01   0.87465E-02   0.46599E-02
   0.64812E-03   0.30631E-03   0.29153E-02   0.19709E-02   0.74655E-02   0.14107E-02   0.55506E-02   0.16947E-02   0.19009E-03
   0.26501E-03   0.14960E-02   0.38651E-03   0.67562E-03   0.38312E-03   0.68299E-03   0.23045E-02   0.93302E-03   0.33667E-03
   0.92747E-04   0.19172E-03   0.18252E-03   0.36341E-03   0.31828E-03   0.54302E-02   0.72462E-03   0.12555E-03   0.34766E-03
   0.16322E-03   0.21268E-03   0.28650E-03   0.39450E-03   0.25500E-03   0.55870E-02   0.42115E-03   0.21951E-03   0.23621E-03
   0.10526E-02   0.45003E-02   0.33881E-03   0.16047E-02   0.40221E-04   0.89723E-03   0.52998E-02   0.12720E-02   0.12580E-02
   0.71096E-02   0.18915E-01   0.13350E-01   0.19087E+00   0.56942E-01   0.69678E-01   0.68137E-01   0.71035E-01   0.19367E-01
   0.84806E-02   0.56613E-02   0.38750E-02   0.11789E+00   0.42890E-02   0.15401E-01   0.53344E-01   0.80962E-01   0.51874E-02
   0.98800E-03   0.37371E-02   0.20137E-02   0.71841E-01   0.61834E-02   0.19828E-02   0.19436E-01   0.17934E-02   0.22065E-02
   0.12854E-01   0.33524E-01   0.23591E-01   0.91871E-01   0.41090E-02   0.31405E-01   0.15043E+00   0.63300E-01   0.29467E-01
   0.14132E-01   0.16393E-01   0.17142E-01   0.44038E-01   0.98349E-02   0.77834E-02   0.19392E+00   0.86061E-01   0.29460E-01
   0.39347E-02   0.14730E-01   0.15334E-01   0.75892E-01   0.27759E-01   0.28356E-01   0.58582E-01   0.38970E-01   0.21273E-01
   0.56284E-02   0.65478E-01   0.69649E-02   0.15157E+00   0.11503E+00   0.10908E+00   0.53952E-02   0.60399E-01   0.11699E-01
   0.73508E-04   0.89183E-04   0.13834E-02   0.28502E-02   0.14212E-02   0.50027E-04   0.49435E-02   0.73812E-03   0.78289E-03
   0.49101E-01   0.62882E-01   0.36717E+00   0.50759E-01   0.37533E-01   0.33942E-01   0.13757E+00   0.51757E-01   0.96528E-01
   0.90508E-02   0.18484E-01   0.68323E-01   0.12293E-01   0.16787E-01   0.82624E-02   0.24863E-01   0.12973E-01   0.18694E-01
   0.21647E-01   0.24531E-01   0.16935E+00   0.26862E-01   0.12524E-01   0.15790E-01   0.66939E-01   0.26991E-01   0.53304E-01
   0.93466E-02   0.30245E-01   0.15944E-01   0.34775E-01   0.32562E-01   0.12017E-01   0.18786E+00   0.45020E-01   0.13742E-01
   0.16150E-01   0.12725E+00   0.28187E-01   0.46356E-01   0.93811E-02   0.25612E-01   0.12971E+00   0.22258E-01   0.19296E-01
   0.27691E-02   0.20907E-01   0.46232E-02   0.73121E-02   0.14815E-02   0.40328E-02   0.18319E-01   0.46055E-02   0.28108E-02
   0.61419E-03   0.41386E-02   0.13373E-02   0.17876E-02   0.26668E-03   0.11390E-02   0.42031E-02   0.14143E-02   0.50642E-03
   0.31585E-02   0.30254E-01   0.75920E-02   0.11846E-01   0.37174E-02   0.10984E-01   0.10727E-01   0.35787E-02   0.19050E-02
   0.27252E-02   0.22581E-01   0.51708E-02   0.65923E-02   0.14787E-02   0.49500E-02   0.13376E-01   0.44194E-02   0.23668E-02
   0.10713E-02   0.84558E-03   0.47851E-02   0.13992E-02   0.60056E-03   0.10039E-02   0.96311E-02   0.28321E-02   0.36225E-02
   0.18080E-02   0.65283E-02   0.39168E-02   0.12537E-03   0.14202E-03   0.57715E-04   0.55987E-02   0.45008E-02   0.16547E-02
   0.81398E+02   0.52231E+01   0.51542E+01   0.20523E+01   0.51082E+01   0.14442E+01   0.48105E+01   0.50597E+01   0.73134E+01
   0.22377E+00   0.28764E+00   0.35705E+00   0.23394E+00   0.30568E+00   0.15926E+00   0.30262E+00   0.32017E+00   0.52061E+01
   0.15685E-01   0.15542E-01   0.14301E+00   0.56067E-02   0.75538E-01   0.37960E-01   0.15004E+00   0.75188E-02   0.14364E-01
   0.19477E+00   0.52934E+00   0.12620E+01   0.46193E+00   0.29566E+00   0.42319E+00   0.83187E+00   0.92197E+00   0.68060E+00
   0.10493E+00   0.51455E+00   0.54921E+00   0.18420E+00   0.70901E-01   0.23347E+00   0.29563E+00   0.57811E+00   0.34802E+00
   0.17491E-02   0.13449E-01   0.12742E-01   0.20635E-02   0.31013E-01   0.12406E-01   0.69652E-02   0.26672E-02   0.83831E-02
   0.37895E-02   0.29933E-01   0.33019E-01   0.57746E-02   0.86657E-01   0.35777E-01   0.15133E-02   0.90492E-02   0.16973E-01
   0.10851E-03   0.61592E-03   0.40696E-03   0.17808E-03   0.62389E-04   0.17255E-03   0.73347E-04   0.43849E-03   0.16860E-03
   0.51849E-02   0.50544E-02   0.43018E-01   0.11875E-01   0.68764E-01   0.23756E-01   0.59815E-01   0.61166E-02   0.29351E-02
   0.15226E-03   0.89697E-03   0.32340E-03   0.39433E-04   0.37708E-03   0.18860E-03   0.63099E-04   0.47591E-03   0.39995E-03
   0.10651E-01   0.31652E-01   0.38510E-02   0.20433E-01   0.10969E-01   0.59426E-02   0.14476E+00   0.41240E-01   0.18964E-01
   0.79419E-02   0.59029E-01   0.12698E-02   0.24126E-01   0.27332E-02   0.47031E-02   0.65804E-01   0.20429E-02   0.12977E-01
   0.58380E-02   0.82860E-02   0.35629E-02   0.21514E-01   0.14806E-02   0.15255E-01   0.25516E-01   0.50570E-01   0.17009E-01
   0.10000E+01   0.10000E+01   0.10000E+01   0.10000E+01   0.10000E+01   0.10000E+01   0.10000E+01   0.10000E+01   0.10000E+01

   0.02293   0.00809   0.02388   0.03673   0.16738   0.00972   0.40091   0.04474  -0.00000
   0.00380   0.00000   0.00000   0.02624   0.14115   0.01201   0.47064   0.06068   0.01759
   0.00274   0.00000   0.11381   0.00000   0.23932   0.00000   0.42307   0.00000   0.00000
   0.00426   0.00000   0.05948   0.00842   0.37730   0.00000   0.15077   0.09837   0.00000
   0.00000   0.00000   0.08994   0.00000   0.27057   0.00000   0.38326   0.03179   0.00000
   0.00000   0.00000   0.09023   0.00000   0.28686   0.00000   0.36264   0.02655   0.00000
   0.00292   0.00000   0.08893   0.03809   0.35629   0.00000   0.24696   0.02800   0.00000
   0.00438   0.16027   0.00521   0.03862   0.01986   0.07630   0.31530   0.08839   0.00000
   0.00000   0.00000   0.00000   0.00000   0.00339   0.81985   0.04533   0.00000   0.00660
   0.00258   0.00000   0.00920   0.00000   0.00000   0.85183   0.00000   0.00000   0.00000
   0.03576   0.25410   0.00000   0.06277   0.00000   0.03224   0.30333   0.03644   0.00938
   0.00000  -0.00000   0.00000   0.37083   0.07864   0.12039   0.08345   0.11585   0.00000
   0.00000   0.00000   0.00000   0.39759   0.00000   0.02749   0.13507   0.27031   0.00000
   0.00000   0.00000   0.00000   0.70692   0.02887   0.00000   0.09550   0.00000   0.00000
   0.00750   0.03362   0.03022   0.18141   0.00000   0.05546   0.34069   0.10910   0.02773
   0.00456   0.00000   0.00000   0.06714   0.00000   0.00088   0.50312   0.16366   0.01556
  -0.00000   0.00000   0.00101   0.24566   0.06948   0.07786   0.17889   0.10667   0.02760
   0.00000   0.04884   0.00000   0.26377   0.20101   0.18552   0.00000   0.06451   0.00000
   0.00000   0.00000   0.05510   0.19786   0.08077   0.00000   0.40628   0.00370   0.00000
   0.00000   0.00000   0.52762   0.00432   0.00000   0.00036  -0.00000  -0.00000   0.01954
   0.00000   0.01194   0.44069   0.00000   0.05065   0.00817  -0.00000   0.00000   0.01327
  -0.00000   0.00000   0.50999   0.01856   0.00000   0.00058  -0.00000   0.00000   0.04767
  -0.00000   0.00000  -0.00000   0.01811   0.02161  -0.00000   0.61784   0.03501   0.00000
   0.00138   0.28789   0.04335   0.06246   0.00363   0.03654   0.29256   0.00972   0.00000
   0.00487   0.30560   0.04537   0.06248   0.00291   0.03519   0.25219   0.02811   0.00000
   0.00149   0.24509   0.05919   0.06809  -0.00000   0.05261   0.26256   0.04650   0.00000
   0.00000   0.37957   0.06108   0.07580   0.01467   0.11215   0.06915  -0.00000   0.00000
   0.00170   0.36526   0.05401   0.04528   0.00000   0.05167   0.16973   0.01952   0.00000
   0.00860   0.00000   0.15797   0.01059   0.00000   0.02102   0.36874   0.06891   0.10089
   0.03197   0.22780   0.13819   0.00000   0.00000   0.00000   0.19223   0.13858   0.00882
   0.85159  -0.00000   0.00000   0.00000   0.00851   0.00000   0.00000  -0.00000   0.00000
   0.00000  -0.00000  -0.00000  -0.00000   0.00000   0.00000   0.00000  -0.00000   0.85399
   0.00000  -0.00000   0.30484   0.00000   0.14201   0.05829   0.28898   0.00000   0.00000
   0.00000   0.00000   0.23470   0.00000   0.00000   0.03498   0.04839   0.11193   0.05053
  -0.00000   0.11209   0.17920   0.00000   0.00000   0.05674   0.00216   0.16323   0.05373
  -0.00000   0.10082   0.09222   0.00000   0.36535   0.07879   0.00250   0.00000   0.03432
   0.00000   0.07717   0.09248   0.00000   0.41380   0.09126   0.00000   0.00000   0.02018
   0.00000   0.25450   0.15131   0.00000   0.00000   0.03599   0.00000   0.14045   0.00000
   0.00000   0.00000   0.15004   0.00000   0.31784   0.04854   0.25484   0.00000   0.00000
   0.00099   0.28800   0.04224   0.00000   0.10924   0.02997   0.00000   0.09700   0.09320
   0.00681   0.03319   0.00000   0.02147   0.01651   0.00000   0.55904   0.08484   0.00455
   0.00394   0.30948   0.00000   0.09356   0.00000   0.00000   0.33485   0.00000   0.01524
   0.00172   0.00000   0.00000   0.10176   0.00000   0.09871   0.11197   0.35529   0.08153
   1.00000   1.00000   1.00000   1.00000   1.00000   1.00000   1.00000   1.00000   1.00000

   0.06325   0.10415   0.10025   0.11718   0.23023   0.06381   0.49031   0.13254   0.04029
   0.04541   0.07597   0.04517   0.10114   0.19442   0.05730   0.55856   0.16308   0.09941
   0.03976   0.04859   0.19913   0.06269   0.31206   0.05974   0.51653   0.07051   0.03454
   0.04191   0.07701   0.14522   0.10310   0.47021   0.09307   0.24127   0.18210   0.03475
   0.03221   0.06470   0.17590   0.02582   0.34505   0.04755   0.47653   0.12311   0.05245
   0.03591   0.01732   0.18391   0.02360   0.37213   0.06774   0.46277   0.10883   0.05803
   0.03866   0.01826   0.17348   0.11745   0.44378   0.08408   0.33029   0.10114   0.01134
   0.04646   0.26097   0.06750   0.11835   0.06695   0.11950   0.40261   0.16365   0.05894
   0.01530   0.03162   0.03012   0.05991   0.05227   0.87855   0.11915   0.02073   0.05731
   0.02779   0.03633   0.04862   0.06726   0.04287   0.91619   0.07204   0.03728   0.04020
   0.08162   0.34789   0.02631   0.12439   0.00312   0.06953   0.40934   0.09902   0.09729
   0.01737   0.04617   0.03250   0.46253   0.13852   0.17025   0.16648   0.17360   0.04742
   0.03602   0.02402   0.01645   0.49841   0.01821   0.06543   0.22649   0.34313   0.02204
   0.01084   0.04094   0.02209   0.78365   0.06769   0.02173   0.21351   0.01968   0.02424
   0.03574   0.09312   0.06565   0.25449   0.01144   0.08734   0.41703   0.17608   0.08186
   0.04288   0.04972   0.05201   0.13368   0.02983   0.02363   0.58424   0.26131   0.08939
   0.01842   0.06873   0.07145   0.35490   0.12939   0.13215   0.27384   0.18239   0.09947
   0.01402   0.16312   0.01731   0.37613   0.28362   0.27031   0.01344   0.15038   0.02918
   0.00771   0.00935   0.14448   0.29551   0.14814   0.00524   0.51784   0.07766   0.08221
   0.08625   0.11056   0.63825   0.08915   0.06617   0.05971   0.24141   0.09109   0.16962
   0.07397   0.15111   0.55170   0.10041   0.13729   0.06755   0.20285   0.10606   0.15285
   0.07949   0.09021   0.61563   0.09861   0.04619   0.05812   0.24592   0.09937   0.19568
   0.03725   0.12085   0.06341   0.14052   0.12805   0.04810   0.74462   0.18119   0.05505
   0.04823   0.37940   0.08416   0.13830   0.02807   0.07654   0.38664   0.06666   0.05769
   0.05258   0.39627   0.08776   0.13870   0.02819   0.07664   0.34741   0.08766   0.05346
   0.05197   0.34868   0.11276   0.15128   0.02259   0.09635   0.35498   0.12020   0.04295
   0.05029   0.47975   0.12055   0.18810   0.05920   0.17460   0.17126   0.05705   0.03036
   0.05583   0.46152   0.10585   0.13498   0.03036   0.10149   0.27411   0.09069   0.04855
   0.05469   0.04307   0.24297   0.07139   0.03068   0.05119   0.48882   0.14461   0.18505
   0.09582   0.34401   0.20621   0.00665   0.00753   0.00306   0.29668   0.23935   0.08802
   0.95201   0.06193   0.06104   0.02437   0.06040   0.01713   0.05693   0.06007   0.08672
   0.04135   0.05291   0.06575   0.04314   0.05633   0.02939   0.05582   0.05902   0.94885
   0.04509   0.04462   0.40928   0.01617   0.21701   0.10930   0.42891   0.02164   0.04138
   0.05790   0.15707   0.37118   0.13791   0.08730   0.12595   0.24740   0.27481   0.20276
   0.05617   0.27483   0.29106   0.09856   0.03792   0.12488   0.15878   0.30923   0.18669
   0.02794   0.21414   0.20245   0.03304   0.48813   0.19802   0.11133   0.04275   0.13347
   0.02482   0.19669   0.21490   0.03773   0.55473   0.23355   0.00991   0.05934   0.11054
   0.07768   0.43788   0.28644   0.12739   0.04448   0.12327   0.05272   0.31422   0.12120
   0.03218   0.03134   0.26574   0.07382   0.42403   0.14740   0.36876   0.03795   0.01825
   0.07288   0.42552   0.15491   0.01896   0.17991   0.09063   0.03040   0.22811   0.19096
   0.04808   0.14288   0.01742   0.09261   0.04938   0.02683   0.64784   0.18668   0.08575
   0.05619   0.41635   0.00900   0.17060   0.01939   0.03328   0.46412   0.01449   0.09193
   0.05139   0.07268   0.03136   0.18903   0.01302   0.13398   0.22458   0.44404   0.14961
   1.00000   1.00000   1.00000   1.00000   1.00000   1.00000   1.00000   1.00000   1.00000
