
       0       0.000
    0    0    0    0    0    0    0    0    0
    0    0    0    0    0    0    0    0    0
    0    0    0    0    0    0    0    0    0
    0    0    0    0    0    0    0    0    0


   0.19801E-02   0.00000E+00   0.11899E-02   0.26566E-02   0.19331E-01   0.29553E-03   0.47628E-01   0.36987E-02  -0.13281E-20
   0.00000E+00   0.00000E+00   0.00000E+00   0.25795E-03   0.33716E-02   0.14741E-03   0.11637E-01   0.11460E-02   0.69678E-04
   0.00000E+00   0.00000E+00   0.25375E-01   0.00000E+00   0.56996E-01   0.00000E+00   0.10192E+00  -0.46740E-18   0.00000E+00
   0.00000E+00   0.00000E+00   0.16534E-01   0.00000E+00   0.14242E+00   0.00000E+00   0.53217E-01   0.33730E-01   0.00000E+00
   0.00000E+00   0.00000E+00   0.53738E-02   0.00000E+00   0.18246E-01   0.00000E+00   0.26115E-01   0.13242E-02   0.00000E+00
   0.00000E+00   0.00000E+00   0.59084E-02   0.00000E+00   0.21484E-01   0.00000E+00   0.27176E-01   0.10636E-02   0.00000E+00
   0.00000E+00   0.00000E+00   0.12127E-02   0.40180E-03   0.56232E-02   0.00000E+00   0.38143E-02   0.26384E-03   0.00000E+00
   0.00000E+00   0.80794E-03   0.00000E+00   0.12565E-03   0.62676E-04   0.39403E-03   0.16905E-02   0.42788E-03   0.00000E+00
   0.00000E+00   0.00000E+00  -0.86924E-36   0.00000E+00   0.98325E-06   0.47576E-02   0.21239E-03   0.00000E+00   0.89303E-05
   0.97844E-06   0.00000E+00   0.33495E-04   0.00000E+00   0.00000E+00   0.46394E-02  -0.33060E-19   0.00000E+00   0.00000E+00
   0.35900E-03   0.30679E-02   0.00000E+00   0.63578E-03   0.00000E+00   0.36086E-03   0.36061E-02   0.32694E-03   0.00000E+00
   0.00000E+00  -0.15825E-17   0.00000E+00   0.14289E+00   0.27392E-01   0.45751E-01   0.25569E-01   0.43343E-01   0.00000E+00
   0.00000E+00   0.00000E+00   0.00000E+00   0.88302E-01  -0.36594E-18   0.46454E-02   0.25965E-01   0.60006E-01   0.00000E+00
   0.00000E+00   0.00000E+00   0.00000E+00   0.62329E-01   0.17355E-02   0.00000E+00   0.31202E-02   0.00000E+00   0.00000E+00
   0.84139E-03   0.71880E-02   0.85462E-02   0.58317E-01   0.00000E+00   0.17933E-01   0.11671E+00   0.34390E-01   0.61166E-02
   0.00000E+00   0.00000E+00   0.00000E+00   0.16624E-01   0.00000E+00   0.00000E+00   0.15776E+00   0.47960E-01   0.00000E+00
  -0.62450E-19   0.00000E+00   0.00000E+00   0.48050E-01   0.12288E-01   0.14366E-01   0.33602E-01   0.19948E-01   0.31564E-02
   0.00000E+00   0.86784E-02   0.00000E+00   0.96384E-01   0.73142E-01   0.68247E-01   0.00000E+00   0.19349E-01   0.00000E+00
   0.00000E+00   0.00000E+00   0.38519E-03   0.16805E-02   0.63902E-03   0.00000E+00   0.36025E-02   0.00000E+00   0.00000E+00
   0.00000E+00   0.00000E+00   0.28269E+00   0.00000E+00   0.00000E+00   0.00000E+00  -0.52975E-17  -0.33905E-17   0.00000E+00
   0.00000E+00   0.00000E+00   0.50213E-01   0.00000E+00   0.45162E-02   0.00000E+00  -0.81589E-18  -0.41266E-18   0.00000E+00
  -0.26234E-18  -0.63504E-18   0.13059E+00   0.10980E-02   0.00000E+00   0.00000E+00  -0.29600E-17   0.00000E+00   0.60456E-02
  -0.59612E-19   0.00000E+00  -0.51494E-19   0.00000E+00   0.16004E-03  -0.90456E-19   0.14551E+00   0.22439E-02   0.00000E+00
   0.00000E+00   0.91213E-01   0.11888E-01   0.15814E-01   0.00000E+00   0.10503E-01   0.90596E-01   0.00000E+00   0.00000E+00
   0.00000E+00   0.15268E-01   0.18751E-02   0.24907E-02   0.00000E+00   0.15705E-02   0.12175E-01   0.97638E-03   0.00000E+00
   0.00000E+00   0.26617E-02   0.57308E-03   0.59723E-03  -0.50445E-20   0.54477E-03   0.28521E-02   0.40009E-03   0.00000E+00
  -0.10932E-18   0.22671E-01   0.25890E-02   0.33709E-02   0.39636E-03   0.64252E-02   0.27537E-02  -0.15590E-18   0.00000E+00
   0.00000E+00   0.16981E-01   0.19431E-02   0.14006E-02   0.00000E+00   0.21848E-02   0.72399E-02   0.45488E-03   0.00000E+00
   0.46364E-04   0.00000E+00   0.27786E-02   0.00000E+00   0.00000E+00   0.29068E-03   0.66365E-02   0.10255E-02   0.16800E-02
   0.39956E-03   0.38725E-02   0.22941E-02   0.00000E+00   0.00000E+00   0.00000E+00   0.32041E-02   0.22835E-02   0.00000E+00
   0.69288E+02  -0.10869E-18   0.00000E+00   0.00000E+00   0.00000E+00   0.00000E+00   0.00000E+00  -0.30793E-17   0.00000E+00
   0.00000E+00  -0.11365E-17  -0.70914E-16  -0.12577E-16   0.00000E+00   0.00000E+00   0.00000E+00  -0.28717E-16   0.44387E+01
  -0.45918E-18  -0.17143E-18   0.98212E-01   0.00000E+00   0.44341E-01   0.17195E-01   0.88635E-01   0.00000E+00   0.00000E+00
  -0.52877E-17   0.00000E+00   0.68629E+00   0.00000E+00   0.00000E+00   0.61472E-01   0.12104E-01   0.27190E+00   0.77521E-01
  -0.15132E-17   0.15318E+00   0.28824E+00   0.00000E+00   0.00000E+00   0.81003E-01   0.00000E+00   0.25012E+00   0.53569E-01
  -0.58963E-22   0.47857E-02   0.42199E-02   0.00000E+00   0.20838E-01   0.38071E-02   0.00000E+00   0.00000E+00   0.75487E-03
   0.00000E+00   0.77987E-02   0.90500E-02   0.00000E+00   0.56798E-01   0.10701E-01   0.00000E+00   0.00000E+00   0.00000E+00
   0.00000E+00   0.30437E-03   0.15869E-03   0.00000E+00   0.00000E+00   0.27669E-04   0.00000E+00   0.15064E-03   0.00000E+00
   0.00000E+00   0.00000E+00   0.20621E-01   0.00000E+00   0.47032E-01   0.55557E-02   0.36039E-01   0.00000E+00   0.00000E+00
   0.00000E+00   0.53855E-03   0.30120E-04   0.00000E+00   0.19973E-03   0.42054E-04   0.00000E+00   0.15430E-03   0.14690E-03
   0.00000E+00   0.31705E-02   0.00000E+00   0.32171E-03   0.22541E-02   0.00000E+00   0.11801E+00   0.14749E-01   0.00000E+00
   0.00000E+00   0.41223E-01   0.00000E+00   0.10994E-01   0.00000E+00  -0.31112E-18   0.43394E-01   0.00000E+00   0.00000E+00
   0.00000E+00   0.00000E+00   0.00000E+00   0.89681E-02   0.00000E+00   0.10393E-01   0.91328E-02   0.38471E-01   0.74344E-02
   0.10000E+01   0.10000E+01   0.10000E+01   0.10000E+01   0.10000E+01   0.10000E+01   0.10000E+01   0.10000E+01   0.10000E+01

   0.89090E-02   0.15650E-01   0.14367E-01   0.16469E-01   0.30437E-01   0.98079E-02   0.63855E-01   0.18967E-01   0.69066E-02
   0.13749E-02   0.25232E-02   0.16082E-02   0.29884E-02   0.53234E-02   0.17859E-02   0.15088E-01   0.47676E-02   0.30077E-02
   0.12374E-01   0.15735E-01   0.56852E-01   0.19371E-01   0.83974E-01   0.19289E-01   0.13736E+00   0.22856E-01   0.12288E-01
   0.20372E-01   0.37609E-01   0.64317E-01   0.48951E-01   0.19692E+00   0.45647E-01   0.10495E+00   0.80195E-01   0.18483E-01
   0.29265E-02   0.58158E-02   0.13974E-01   0.28222E-02   0.26139E-01   0.45775E-02   0.36057E-01   0.10362E-01   0.47516E-02
   0.35891E-02   0.23146E-02   0.16352E-01   0.29790E-02   0.31447E-01   0.67407E-02   0.39000E-01   0.10201E-01   0.58139E-02
   0.79435E-03   0.49963E-03   0.31916E-02   0.22343E-02   0.77561E-02   0.17221E-02   0.58225E-02   0.19564E-02   0.32653E-03
   0.30017E-03   0.16465E-02   0.45659E-03   0.75462E-03   0.43523E-03   0.73659E-03   0.24013E-02   0.10180E-02   0.41990E-03
   0.10809E-03   0.26494E-03   0.25465E-03   0.46127E-03   0.34356E-03   0.55711E-02   0.77090E-03   0.18785E-03   0.43142E-03
   0.18184E-03   0.28606E-03   0.36210E-03   0.49493E-03   0.28834E-03   0.57478E-02   0.47209E-03   0.28639E-03   0.32824E-03
   0.11349E-02   0.48698E-02   0.41801E-03   0.17089E-02   0.73055E-04   0.99385E-03   0.56353E-02   0.14188E-02   0.14572E-02
   0.92593E-02   0.22488E-01   0.16948E-01   0.19968E+00   0.61763E-01   0.73877E-01   0.73950E-01   0.76152E-01   0.23609E-01
   0.10168E-01   0.71822E-02   0.61524E-02   0.12298E+00   0.54928E-02   0.17135E-01   0.57798E-01   0.86306E-01   0.89959E-02
   0.11853E-02   0.42042E-02   0.33050E-02   0.74439E-01   0.65488E-02   0.24613E-02   0.21411E-01   0.32618E-02   0.47529E-02
   0.14821E-01   0.38161E-01   0.27288E-01   0.96810E-01   0.59295E-02   0.33857E-01   0.15609E+00   0.68670E-01   0.33336E-01
   0.16541E-01   0.21581E-01   0.23265E-01   0.47872E-01   0.11802E-01   0.95126E-02   0.19950E+00   0.93252E-01   0.34323E-01
   0.52228E-02   0.18468E-01   0.18052E-01   0.80872E-01   0.30247E-01   0.30852E-01   0.62398E-01   0.42175E-01   0.24386E-01
   0.86877E-02   0.73625E-01   0.11749E-01   0.16033E+00   0.12146E+00   0.11757E+00   0.93929E-02   0.67128E-01   0.16670E-01
   0.12952E-03   0.16376E-03   0.16210E-02   0.30472E-02   0.15473E-02   0.92544E-04   0.51323E-02   0.87422E-03   0.94509E-03
   0.57600E-01   0.75242E-01   0.38364E+00   0.61481E-01   0.49436E-01   0.39470E-01   0.15656E+00   0.61904E-01   0.11663E+00
   0.10828E-01   0.21683E-01   0.71664E-01   0.14824E-01   0.19215E-01   0.96025E-02   0.28501E-01   0.15433E-01   0.22708E-01
   0.25608E-01   0.30855E-01   0.17724E+00   0.31062E-01   0.17853E-01   0.18106E-01   0.75201E-01   0.31087E-01   0.63570E-01
   0.12689E-01   0.39212E-01   0.24720E-01   0.39582E-01   0.37435E-01   0.16239E-01   0.19427E+00   0.51461E-01   0.20400E-01
   0.18049E-01   0.13644E+00   0.30842E-01   0.50064E-01   0.10937E-01   0.28188E-01   0.13673E+00   0.26599E-01   0.23788E-01
   0.30831E-02   0.22345E-01   0.50376E-02   0.79014E-02   0.17417E-02   0.44422E-02   0.19436E-01   0.53215E-02   0.35010E-02
   0.69709E-03   0.44822E-02   0.14556E-02   0.19382E-02   0.36434E-03   0.12369E-02   0.43958E-02   0.15801E-02   0.67356E-03
   0.35497E-02   0.32009E-01   0.81706E-02   0.12922E-01   0.42057E-02   0.11730E-01   0.11930E-01   0.49773E-02   0.27208E-02
   0.30330E-02   0.24000E-01   0.55999E-02   0.72227E-02   0.17602E-02   0.53826E-02   0.14453E-01   0.53331E-02   0.30105E-02
   0.12427E-02   0.11804E-02   0.51387E-02   0.16047E-02   0.77345E-03   0.11041E-02   0.10011E-01   0.31064E-02   0.39999E-02
   0.19962E-02   0.71138E-02   0.41687E-02   0.22338E-03   0.24849E-03   0.10844E-03   0.59412E-02   0.48772E-02   0.19755E-02
   0.82984E+02   0.67825E+01   0.57538E+01   0.29371E+01   0.53375E+01   0.16798E+01   0.52785E+01   0.63224E+01   0.85947E+01
   0.24924E+00   0.31949E+00   0.39966E+00   0.26783E+00   0.32229E+00   0.18561E+00   0.32270E+00   0.39771E+00   0.53924E+01
   0.19840E-01   0.21226E-01   0.15116E+00   0.95461E-02   0.81325E-01   0.41922E-01   0.15614E+00   0.12302E-01   0.23586E-01
   0.25313E+00   0.65529E+00   0.13532E+01   0.56905E+00   0.37896E+00   0.47551E+00   0.94547E+00   0.10209E+01   0.78552E+00
   0.13334E+00   0.57977E+00   0.59078E+00   0.22988E+00   0.10715E+00   0.25427E+00   0.34700E+00   0.63047E+00   0.39643E+00
   0.24849E-02   0.14921E-01   0.13948E-01   0.34324E-02   0.32681E-01   0.14340E-01   0.82022E-02   0.42030E-02   0.95646E-02
   0.56331E-02   0.33600E-01   0.36063E-01   0.94161E-02   0.91575E-01   0.41088E-01   0.27789E-02   0.13086E-01   0.19355E-01
   0.13203E-03   0.67498E-03   0.44284E-03   0.21742E-03   0.93441E-04   0.19173E-03   0.11513E-03   0.48534E-03   0.20584E-03
   0.70254E-02   0.79053E-02   0.46996E-01   0.15662E-01   0.72312E-01   0.27232E-01   0.62585E-01   0.91809E-02   0.49661E-02
   0.17723E-03   0.97154E-03   0.36060E-03   0.67980E-04   0.40713E-03   0.21715E-03   0.10206E-03   0.53611E-03   0.43676E-03
   0.12347E-01   0.37388E-01   0.83311E-02   0.22862E-01   0.12817E-01   0.74509E-02   0.14992E+00   0.46762E-01   0.22595E-01
   0.87953E-02   0.63635E-01   0.21737E-02   0.25526E-01   0.33637E-02   0.58890E-02   0.70175E-01   0.38597E-02   0.14984E-01
   0.69094E-02   0.10681E-01   0.48679E-02   0.23027E-01   0.20784E-02   0.16096E-01   0.28268E-01   0.53657E-01   0.19405E-01
   0.10000E+01   0.10000E+01   0.10000E+01   0.10000E+01   0.10000E+01   0.10000E+01   0.10000E+01   0.10000E+01   0.10000E+01

   0.01587   0.00000   0.00957   0.02128   0.15530   0.00237   0.38396   0.02953   0.00000
   0.00000   0.00000   0.00000   0.00995   0.13062   0.00569   0.45331   0.04414   0.00269
   0.00000   0.00000   0.09950   0.00000   0.22366   0.00000   0.40060  -0.00000   0.00000
   0.00000   0.00000   0.04132   0.00000   0.35662   0.00000   0.13313   0.08409   0.00000
   0.00000   0.00000   0.07457   0.00000   0.25349   0.00000   0.36355   0.01827   0.00000
   0.00000   0.00000   0.07383   0.00000   0.26866   0.00000   0.34031   0.01324   0.00000
   0.00000   0.00000   0.07252   0.02402   0.33652   0.00000   0.22797   0.01573   0.00000
   0.00000   0.14281   0.00000   0.02202   0.01103   0.06921   0.29717   0.07490   0.00000
   0.00000   0.00000   0.00000   0.00000   0.00016   0.81587   0.03510   0.00000   0.00148
   0.00017   0.00000   0.00577   0.00000   0.00000   0.84672  -0.00000   0.00000   0.00000
   0.02783   0.24007   0.00000   0.04932   0.00000   0.02804   0.28150   0.02520   0.00000
   0.00000   0.00000   0.00000   0.35369   0.06732   0.11177   0.06233   0.10573   0.00000
   0.00000   0.00000   0.00000   0.37731  -0.00000   0.01971   0.11036   0.25571   0.00000
   0.00000   0.00000   0.00000   0.69188   0.01902   0.00000   0.03431   0.00000   0.00000
   0.00234   0.02008   0.02380   0.16304   0.00000   0.04987   0.32630   0.09563   0.01704
   0.00000   0.00000   0.00000   0.05048   0.00000   0.00000   0.48240   0.14566   0.00000
   0.00000   0.00000   0.00000   0.22558   0.05786   0.06772   0.15775   0.09341   0.01482
   0.00000   0.02165   0.00000   0.24171   0.18460   0.17174   0.00000   0.04832   0.00000
   0.00000   0.00000   0.04072   0.17925   0.06764   0.00000   0.37761   0.00000   0.00000
   0.00000   0.00000   0.50863   0.00000   0.00000   0.00000   0.00000  -0.00000   0.00000
   0.00000   0.00000   0.42065   0.00000   0.03707   0.00000   0.00000   0.00000   0.00000
   0.00000  -0.00000   0.49097   0.00405   0.00000   0.00000   0.00000   0.00000   0.02227
  -0.00000   0.00000   0.00000   0.00000   0.00066  -0.00000   0.59137   0.00894   0.00000
   0.00000   0.27453   0.03560   0.04734   0.00000   0.03140   0.27181   0.00000   0.00000
   0.00000   0.29238   0.03571   0.04741   0.00000   0.02985   0.23208   0.01851   0.00000
   0.00000   0.22822   0.04884   0.05062   0.00000   0.04621   0.24230   0.03375   0.00000
  -0.00000   0.36498   0.04140   0.05382   0.00630   0.10272   0.04377  -0.00000   0.00000
   0.00000   0.35132   0.03994   0.02876   0.00000   0.04483   0.14858   0.00931   0.00000
   0.00236   0.00000   0.14337   0.00000   0.00000   0.01484   0.34103   0.05231   0.08573
   0.02119   0.20898   0.12315   0.00000   0.00000   0.00000   0.17014   0.12099   0.00000
   0.85111  -0.00000   0.00000   0.00000   0.00000   0.00000   0.00000  -0.00000   0.00000
   0.00000  -0.00000  -0.00000  -0.00000   0.00000   0.00000   0.00000  -0.00000   0.85197
   0.00000   0.00000   0.28584   0.00000   0.12864   0.04963   0.25596   0.00000   0.00000
   0.00000   0.00000   0.20938   0.00000   0.00000   0.01844   0.00362   0.08134   0.02322
   0.00000   0.08325   0.15783   0.00000   0.00000   0.04372   0.00000   0.13533   0.02887
   0.00000   0.07698   0.06769   0.00000   0.33989   0.06117   0.00000   0.00000   0.01215
   0.00000   0.05094   0.05951   0.00000   0.38278   0.07064   0.00000   0.00000   0.00000
   0.00000   0.22224   0.11645   0.00000   0.00000   0.02000   0.00000   0.10839   0.00000
   0.00000   0.00000   0.12961   0.00000   0.29581   0.03468   0.22523   0.00000   0.00000
   0.00000   0.26360   0.01444   0.00000   0.09683   0.02019   0.00000   0.07433   0.07117
   0.00000   0.01439   0.00000   0.00145   0.01026   0.00000   0.54079   0.06657   0.00000
   0.00000   0.29462   0.00000   0.07787   0.00000  -0.00000   0.30728   0.00000   0.00000
   0.00000   0.00000   0.00000   0.07890   0.00000   0.09162   0.08046   0.34066   0.06542
   1.00000   1.00000   1.00000   1.00000   1.00000   1.00000   1.00000   1.00000   1.00000

   0.07111   0.12436   0.11443   0.13148   0.24225   0.07831   0.50663   0.15196   0.05530
   0.05293   0.09699   0.06192   0.11518   0.20402   0.06877   0.57605   0.18364   0.11587
   0.04832   0.06133   0.22168   0.07588   0.32644   0.07514   0.53198   0.08937   0.04807
   0.05083   0.09348   0.15985   0.12212   0.48816   0.11366   0.26127   0.20010   0.04615
   0.04043   0.08011   0.19251   0.03905   0.35938   0.06324   0.49504   0.14342   0.06577
   0.04463   0.02875   0.20246   0.03708   0.38893   0.08364   0.48097   0.12691   0.07239
   0.04736   0.02979   0.18971   0.13304   0.46056   0.10258   0.34623   0.11677   0.01948
   0.05263   0.28676   0.07958   0.13215   0.07599   0.12875   0.41900   0.17860   0.07345
   0.01781   0.04357   0.04194   0.07585   0.05619   0.89959   0.12662   0.03094   0.07097
   0.03091   0.04886   0.06117   0.08425   0.04793   0.93807   0.08103   0.04841   0.05578
   0.08798   0.37563   0.03246   0.13237   0.00567   0.07692   0.43384   0.11050   0.11251
   0.02263   0.05488   0.04122   0.48243   0.15000   0.18048   0.18061   0.18615   0.05783
   0.04318   0.03045   0.02612   0.51933   0.02332   0.07278   0.24529   0.36571   0.03823
   0.01299   0.04602   0.03623   0.81427   0.07160   0.02694   0.23519   0.03576   0.05225
   0.04121   0.10594   0.07597   0.26777   0.01652   0.09411   0.43208   0.19106   0.09260
   0.05018   0.06540   0.07051   0.14527   0.03578   0.02886   0.59958   0.28299   0.10413
   0.02446   0.08605   0.08398   0.37781   0.14086   0.14350   0.29158   0.19732   0.11397
   0.02163   0.18333   0.02913   0.39707   0.29818   0.29021   0.02340   0.16693   0.04157
   0.01357   0.01716   0.16913   0.31495   0.16098   0.00969   0.53733   0.09207   0.09928
   0.10100   0.13208   0.66511   0.10771   0.08709   0.06935   0.27420   0.10885   0.20447
   0.08835   0.17688   0.57651   0.12091   0.15691   0.07842   0.23195   0.12599   0.18521
   0.09386   0.11333   0.64246   0.11375   0.06582   0.06659   0.27591   0.11435   0.23277
   0.05037   0.15619   0.09801   0.16011   0.14596   0.06487   0.76529   0.20689   0.08154
   0.05387   0.40617   0.09203   0.14920   0.03273   0.08420   0.40687   0.07964   0.07107
   0.05852   0.42272   0.09556   0.14974   0.03314   0.08438   0.36811   0.10125   0.06657
   0.05896   0.37681   0.12246   0.16390   0.03085   0.10455   0.37094   0.13439   0.05712
   0.05651   0.50624   0.12956   0.20495   0.06697   0.18632   0.19064   0.07934   0.04336
   0.06212   0.48948   0.11452   0.14769   0.03615   0.11032   0.29594   0.10939   0.06175
   0.06342   0.06005   0.26033   0.08186   0.03949   0.05625   0.50697   0.15857   0.20432
   0.10569   0.37380   0.21883   0.01184   0.01316   0.00575   0.31456   0.25933   0.10507
   0.96883   0.08040   0.06805   0.03477   0.06300   0.01987   0.06236   0.07481   0.10169
   0.04597   0.05815   0.07318   0.04874   0.05921   0.03405   0.05936   0.07296   0.96959
   0.05691   0.06086   0.43186   0.02753   0.23323   0.12044   0.44492   0.03536   0.06785
   0.07503   0.19382   0.39542   0.16972   0.11138   0.14088   0.28067   0.30357   0.23370
   0.07117   0.30876   0.31140   0.12274   0.05715   0.13531   0.18623   0.33638   0.21233
   0.03965   0.23707   0.22089   0.05496   0.51204   0.22779   0.13101   0.06741   0.15203
   0.03687   0.22061   0.23382   0.06146   0.58394   0.26648   0.01820   0.08573   0.12573
   0.09421   0.47839   0.30929   0.15520   0.06634   0.13627   0.08270   0.34731   0.14789
   0.04352   0.04890   0.28972   0.09724   0.44472   0.16830   0.38434   0.05686   0.03087
   0.08471   0.45915   0.17249   0.03269   0.19379   0.10427   0.04925   0.25686   0.20797
   0.05567   0.16840   0.03766   0.10367   0.05762   0.03360   0.66944   0.21170   0.10217
   0.06217   0.44758   0.01540   0.18025   0.02385   0.04162   0.49382   0.02734   0.10606
   0.06083   0.09352   0.04284   0.20223   0.01828   0.14133   0.24873   0.47115   0.17076
   1.00000   1.00000   1.00000   1.00000   1.00000   1.00000   1.00000   1.00000   1.00000
