
       0       0.000
    0    0    0    0    0    0    0    0    0
    0    0    0    0    0    0    0    0    0
    0    0    0    0    0    0    0    0    0
    0    0    0    0    0    0    0    0    0


   0.35560E-02   0.27884E-02   0.43750E-02   0.60786E-02   0.22037E-01   0.19400E-02   0.51651E-01   0.71215E-02  -0.90822E-21
   0.26127E-03   0.00000E+00   0.00000E+00   0.98436E-03   0.38597E-02   0.43572E-03   0.12472E-01   0.19542E-02   0.75037E-03
   0.19275E-02   0.00000E+00   0.32108E-01   0.47434E-03   0.64174E-01   0.00000E+00   0.11201E+00   0.00000E+00   0.00000E+00
   0.39158E-02   0.57556E-03   0.29220E-01   0.87864E-02   0.15740E+00   0.19732E-02   0.65644E-01   0.44072E-01   0.00000E+00
   0.42093E-04   0.00000E+00   0.73555E-02   0.00000E+00   0.20457E-01   0.00000E+00   0.28606E-01   0.31878E-02   0.00000E+00
   0.17389E-03   0.00000E+00   0.82826E-02   0.00000E+00   0.24139E-01   0.13403E-03   0.30504E-01   0.30685E-02   0.00000E+00
   0.12843E-03   0.00000E+00   0.16938E-02   0.82863E-03   0.62206E-02   0.38815E-04   0.43571E-02   0.64627E-03   0.00000E+00
   0.70196E-04   0.98917E-03   0.79532E-04   0.29178E-03   0.15216E-03   0.46684E-03   0.18721E-02   0.56628E-03   0.00000E+00
   0.00000E+00   0.00000E+00  -0.86924E-36   0.00000E+00   0.36006E-04   0.48865E-02   0.34382E-03   0.00000E+00   0.64457E-04
   0.26630E-04   0.00000E+00   0.68413E-04   0.00000E+00   0.00000E+00   0.48542E-02   0.34424E-04   0.66521E-05   0.00000E+00
   0.57820E-03   0.34073E-02   0.00000E+00   0.95396E-03   0.00000E+00   0.45790E-03   0.41357E-02   0.59237E-03   0.33570E-03
   0.00000E+00   0.27617E-02   0.00000E+00   0.15640E+00   0.35882E-01   0.52103E-01   0.40085E-01   0.50703E-01   0.10885E-02
   0.49508E-03   0.00000E+00   0.00000E+00   0.96642E-01   0.00000E+00   0.78337E-02   0.35370E-01   0.65937E-01   0.00000E+00
   0.00000E+00   0.38333E-03   0.00000E+00   0.64814E-01   0.33286E-02   0.00000E+00   0.11251E-01   0.00000E+00   0.00000E+00
   0.41626E-02   0.15519E-01   0.12720E-01   0.69970E-01   0.00000E+00   0.21544E-01   0.12636E+00   0.43134E-01   0.12829E-01
   0.33729E-02   0.00000E+00   0.18777E-02   0.26074E-01   0.13019E-02   0.13731E-02   0.16902E+00   0.59291E-01   0.91091E-02
   0.00000E+00   0.00000E+00   0.23825E-02   0.55729E-01   0.16698E-01   0.18235E-01   0.41377E-01   0.24994E-01   0.81370E-02
   0.00000E+00   0.27460E-01   0.00000E+00   0.11210E+00   0.85058E-01   0.78402E-01   0.00000E+00   0.30818E-01   0.00000E+00
   0.00000E+00   0.00000E+00   0.63621E-03   0.20045E-02   0.86841E-03   0.00000E+00   0.40759E-02   0.14067E-03   0.68218E-04
   0.00000E+00   0.00000E+00   0.30468E+00   0.92381E-02   0.00000E+00   0.74914E-02   0.25540E-01  -0.15828E-17   0.22493E-01
   0.00000E+00   0.33845E-02   0.55116E-01   0.15732E-02   0.74856E-02   0.21557E-02   0.37385E-02  -0.41266E-18   0.39547E-02
   0.00000E+00  -0.63504E-18   0.14111E+00   0.82036E-02   0.00000E+00   0.37550E-02   0.14620E-01   0.99211E-03   0.18083E-01
  -0.59612E-19   0.00000E+00   0.00000E+00   0.97872E-02   0.94646E-02   0.00000E+00   0.15788E+00   0.14203E-01   0.00000E+00
   0.32892E-02   0.99561E-01   0.16494E-01   0.25229E-01   0.23992E-02   0.13537E-01   0.10304E+00   0.58485E-02   0.11142E-02
   0.69084E-03   0.16561E-01   0.27378E-02   0.39526E-02   0.34682E-03   0.20739E-02   0.14113E-01   0.18920E-02   0.30401E-04
   0.12409E-03   0.30375E-02   0.79093E-03   0.97706E-03  -0.16117E-20   0.67944E-03   0.32854E-02   0.67164E-03   0.00000E+00
   0.29254E-03   0.24436E-01   0.46136E-02   0.58420E-02   0.13016E-02   0.75299E-02   0.55397E-02  -0.15590E-18   0.00000E+00
   0.54978E-03   0.18265E-01   0.31051E-02   0.29099E-02   0.16974E-03   0.27760E-02   0.91600E-02   0.13562E-02   0.00000E+00
   0.26654E-03   0.00000E+00   0.32985E-02   0.40016E-03   0.00000E+00   0.50380E-03   0.76645E-02   0.15932E-02   0.22044E-02
   0.79231E-03   0.45237E-02   0.27933E-02   0.00000E+00   0.00000E+00   0.00000E+00   0.39219E-02   0.28655E-02   0.38117E-03
   0.71054E+02  -0.71662E-19   0.00000E+00   0.00000E+00   0.22269E+01   0.00000E+00   0.00000E+00  -0.30793E-17   0.00000E+00
   0.00000E+00   0.00000E+00  -0.21835E-16   0.00000E+00   0.76080E-01   0.00000E+00   0.00000E+00   0.00000E+00   0.45341E+01
  -0.45918E-18  -0.17143E-18   0.11050E+00   0.00000E+00   0.52762E-01   0.22418E-01   0.11296E+00   0.00000E+00   0.00000E+00
  -0.52877E-17   0.00000E+00   0.84385E+00   0.00000E+00   0.00000E+00   0.16178E+00   0.28638E+00   0.45560E+00   0.24230E+00
   0.00000E+00   0.24854E+00   0.35974E+00   0.00000E+00   0.00000E+00   0.12358E+00   0.50926E-01   0.34234E+00   0.13432E+00
   0.00000E+00   0.73771E-02   0.68440E-02   0.00000E+00   0.23842E-01   0.57344E-02   0.11876E-02   0.00000E+00   0.31066E-02
   0.00000E+00   0.14781E-01   0.17793E-01   0.00000E+00   0.65820E-01   0.16371E-01   0.00000E+00   0.00000E+00   0.53547E-02
   0.00000E+00   0.38657E-03   0.24008E-03   0.00000E+00   0.00000E+00   0.67075E-04   0.00000E+00   0.22965E-03   0.55229E-05
   0.00000E+00   0.00000E+00   0.26676E-01   0.00000E+00   0.53455E-01   0.95597E-02   0.44507E-01   0.00000E+00   0.00000E+00
   0.29592E-04   0.63221E-03   0.13250E-03   0.00000E+00   0.24669E-03   0.78666E-04   0.00000E+00   0.23903E-03   0.22454E-03
   0.28691E-02   0.10780E-01   0.00000E+00   0.83293E-02   0.46765E-02   0.43930E-03   0.12570E+00   0.22164E-01   0.36035E-02
   0.21430E-02   0.45100E-01   0.00000E+00   0.15102E-01   0.00000E+00  -0.20991E-23   0.50181E-01   0.00000E+00   0.39116E-02
   0.10169E-02   0.00000E+00   0.00000E+00   0.13362E-01   0.00000E+00   0.11767E-01   0.14840E-01   0.41538E-01   0.10333E-01
   0.10000E+01   0.10000E+01   0.10000E+01   0.10000E+01   0.10000E+01   0.10000E+01   0.10000E+01   0.10000E+01   0.10000E+01

   0.71500E-02   0.11229E-01   0.11144E-01   0.13180E-01   0.27689E-01   0.64950E-02   0.59993E-01   0.14838E-01   0.35348E-02
   0.10205E-02   0.15531E-02   0.88717E-03   0.23335E-02   0.48646E-02   0.12339E-02   0.14222E-01   0.38175E-02   0.22499E-02
   0.85602E-02   0.99427E-02   0.47488E-01   0.13239E-01   0.77383E-01   0.11055E-01   0.12948E+00   0.14517E-01   0.62445E-02
   0.14173E-01   0.25671E-01   0.53700E-01   0.35462E-01   0.18382E+00   0.27262E-01   0.90982E-01   0.67773E-01   0.10417E-01
   0.18925E-02   0.38129E-02   0.11816E-01   0.11556E-02   0.24264E-01   0.22258E-02   0.33550E-01   0.78020E-02   0.30465E-02
   0.23624E-02   0.77441E-03   0.13672E-01   0.10963E-02   0.29004E-01   0.39830E-02   0.36195E-01   0.76913E-02   0.37692E-02
   0.54031E-03   0.17156E-03   0.27076E-02   0.17672E-02   0.72430E-02   0.10275E-02   0.53357E-02   0.14950E-02   0.10180E-03
   0.23712E-03   0.13938E-02   0.33043E-03   0.61241E-03   0.34287E-03   0.64165E-03   0.22300E-02   0.86758E-03   0.27461E-03
   0.77761E-04   0.12121E-03   0.13501E-03   0.29173E-03   0.29255E-03   0.53431E-02   0.69128E-03   0.68153E-04   0.27930E-03
   0.14563E-03   0.12948E-03   0.23806E-03   0.32600E-03   0.21759E-03   0.54479E-02   0.38760E-03   0.16020E-03   0.15477E-03
   0.99333E-03   0.42292E-02   0.28162E-03   0.15214E-02   0.20396E-04   0.81136E-03   0.50771E-02   0.11560E-02   0.10979E-02
   0.56072E-02   0.15981E-01   0.10665E-01   0.18416E+00   0.53137E-01   0.66450E-01   0.63384E-01   0.67348E-01   0.16097E-01
   0.71780E-02   0.43627E-02   0.23056E-02   0.11365E+00   0.34573E-02   0.13985E-01   0.50117E-01   0.77691E-01   0.27752E-02
   0.83645E-03   0.33743E-02   0.11732E-02   0.70332E-01   0.59111E-02   0.16000E-02   0.18017E-01   0.92246E-03   0.11303E-02
   0.11361E-01   0.29917E-01   0.21573E-01   0.87987E-01   0.27287E-02   0.29488E-01   0.14628E+00   0.59639E-01   0.26659E-01
   0.12262E-01   0.12564E-01   0.13332E-01   0.41202E-01   0.83702E-02   0.65065E-02   0.18985E+00   0.81213E-01   0.25925E-01
   0.29488E-02   0.11936E-01   0.13087E-01   0.72223E-01   0.25803E-01   0.26515E-01   0.55643E-01   0.36423E-01   0.18873E-01
   0.33918E-02   0.59401E-01   0.37512E-02   0.14441E+00   0.11014E+00   0.10251E+00   0.28328E-02   0.54949E-01   0.78732E-02
   0.38587E-04   0.46276E-04   0.12188E-02   0.27031E-02   0.13261E-02   0.25260E-04   0.47953E-02   0.63304E-03   0.65059E-03
   0.41059E-01   0.51984E-01   0.35533E+00   0.42658E-01   0.28588E-01   0.29649E-01   0.12328E+00   0.43406E-01   0.78777E-01
   0.73515E-02   0.15650E-01   0.65984E-01   0.10459E-01   0.14910E-01   0.72218E-02   0.22005E-01   0.10980E-01   0.15448E-01
   0.18038E-01   0.18684E-01   0.16397E+00   0.22973E-01   0.82826E-02   0.13909E-01   0.60208E-01   0.23690E-01   0.44664E-01
   0.66527E-02   0.23405E-01   0.10670E-01   0.31019E-01   0.28629E-01   0.86405E-02   0.18276E+00   0.40124E-01   0.87697E-02
   0.14676E-01   0.12012E+00   0.26063E-01   0.43466E-01   0.81460E-02   0.23452E-01   0.12495E+00   0.19308E-01   0.15826E-01
   0.25358E-02   0.19787E-01   0.42917E-02   0.68588E-02   0.12879E-02   0.37001E-02   0.17561E-01   0.41027E-02   0.22774E-02
   0.54736E-03   0.38996E-02   0.12467E-02   0.16662E-02   0.19025E-03   0.10500E-02   0.40539E-02   0.12860E-02   0.37806E-03
   0.28246E-02   0.28821E-01   0.71584E-02   0.10979E-01   0.33267E-02   0.10392E-01   0.98853E-02   0.25381E-02   0.12219E-02
   0.24832E-02   0.21491E-01   0.48300E-02   0.60954E-02   0.12476E-02   0.45674E-02   0.12605E-01   0.37928E-02   0.18339E-02
   0.92444E-03   0.58105E-03   0.45059E-02   0.12435E-02   0.46744E-03   0.92436E-03   0.93250E-02   0.26291E-02   0.33504E-02
   0.16444E-02   0.61261E-02   0.37214E-02   0.65334E-04   0.75997E-04   0.29815E-04   0.53267E-02   0.42099E-02   0.14116E-02
   0.79825E+02   0.42890E+01   0.47144E+01   0.12162E+01   0.49216E+01   0.12169E+01   0.45110E+01   0.36982E+01   0.60322E+01
   0.19298E+00   0.26471E+00   0.32668E+00   0.16604E+00   0.29240E+00   0.13313E+00   0.28537E+00   0.26328E+00   0.50443E+01
   0.12035E-01   0.11146E-01   0.13714E+00   0.29620E-02   0.71131E-01   0.34512E-01   0.14522E+00   0.42898E-02   0.81017E-02
   0.14171E+00   0.42788E+00   0.11885E+01   0.37469E+00   0.23110E+00   0.37739E+00   0.74424E+00   0.84062E+00   0.60239E+00
   0.78990E-01   0.46527E+00   0.51679E+00   0.14889E+00   0.43829E-01   0.21651E+00   0.25556E+00   0.53763E+00   0.31058E+00
   0.11876E-02   0.12299E-01   0.11770E-01   0.11410E-02   0.29732E-01   0.10753E-01   0.59882E-02   0.15709E-02   0.74187E-02
   0.23849E-02   0.27055E-01   0.30584E-01   0.31723E-02   0.83059E-01   0.31056E-01   0.76894E-03   0.58553E-02   0.14893E-01
   0.87688E-04   0.57452E-03   0.37850E-03   0.14661E-03   0.37951E-04   0.15425E-03   0.42726E-04   0.40263E-03   0.13984E-03
   0.36635E-02   0.29162E-02   0.40065E-01   0.89161E-02   0.66110E-01   0.20191E-01   0.57565E-01   0.37786E-02   0.15566E-02
   0.13382E-03   0.84198E-03   0.29341E-03   0.20988E-04   0.35379E-03   0.16544E-03   0.35913E-04   0.42980E-03   0.36911E-03
   0.92844E-02   0.27078E-01   0.17957E-02   0.18583E-01   0.97581E-02   0.46649E-02   0.14127E+00   0.37444E-01   0.16206E-01
   0.73179E-02   0.55404E-01   0.68134E-03   0.23024E-01   0.22511E-02   0.36825E-02   0.62243E-01   0.10498E-02   0.11399E-01
   0.50200E-02   0.63527E-02   0.26355E-02   0.20311E-01   0.10086E-02   0.14633E-01   0.23483E-01   0.48522E-01   0.15494E-01
   0.10000E+01   0.10000E+01   0.10000E+01   0.10000E+01   0.10000E+01   0.10000E+01   0.10000E+01   0.10000E+01   0.10000E+01

   0.02849   0.02238   0.03508   0.04866   0.17672   0.01553   0.41470   0.05691  -0.00000
   0.01008   0.00000   0.00000   0.03797   0.14922   0.01682   0.48350   0.07534   0.02894
   0.00753   0.00000   0.12568   0.00185   0.25133   0.00000   0.43917   0.00000   0.00000
   0.00976   0.00144   0.07300   0.02191   0.39349   0.00492   0.16392   0.10989   0.00000
   0.00058   0.00000   0.10190   0.00000   0.28361   0.00000   0.39714   0.04403   0.00000
   0.00216   0.00000   0.10329   0.00000   0.30115   0.00167   0.38110   0.03818   0.00000
   0.00766   0.00000   0.10122   0.04950   0.37172   0.00232   0.26024   0.03853   0.00000
   0.01230   0.17411   0.01398   0.05114   0.02673   0.08190   0.32877   0.09918   0.00000
   0.00000   0.00000  -0.00000   0.00000   0.00595   0.82272   0.05683   0.00000   0.01065
   0.00453   0.00000   0.01174   0.00000   0.00000   0.85600   0.00586   0.00114   0.00000
   0.04487   0.26564   0.00000   0.07401   0.00000   0.03557   0.32195   0.04582   0.02607
   0.00000   0.00675   0.00000   0.38458   0.08791   0.12724   0.09781   0.12376   0.00265
   0.00210   0.00000   0.00000   0.41198   0.00000   0.03327   0.15033   0.28072   0.00000
   0.00000   0.00421   0.00000   0.71678   0.03653   0.00000   0.12354   0.00000   0.00000
   0.01158   0.04323   0.03541   0.19516   0.00000   0.05992   0.35233   0.12000   0.03571
   0.01025   0.00000   0.00570   0.07922   0.00396   0.00417   0.51593   0.18008   0.02769
   0.00000   0.00000   0.01119   0.26127   0.07842   0.08568   0.19398   0.11703   0.03815
   0.00000   0.06849   0.00000   0.28045   0.21355   0.19644   0.00000   0.07695   0.00000
   0.00000   0.00000   0.06699   0.21214   0.09154   0.00000   0.42771   0.01473   0.00715
   0.00000   0.00000   0.54262   0.01630   0.00000   0.01320   0.04498  -0.00000   0.03965
   0.00000   0.02775   0.45670   0.01292   0.06141   0.01768   0.03063  -0.00000   0.03243
   0.00000  -0.00000   0.52547   0.03028   0.00000   0.01382   0.05380   0.00365   0.06669
  -0.00000   0.00000   0.00000   0.03920   0.03855   0.00000   0.63864   0.05691   0.00000
   0.00984   0.29869   0.04935   0.07549   0.00717   0.04049   0.30866   0.01746   0.00333
   0.01314   0.31605   0.05210   0.07520   0.00659   0.03944   0.26871   0.03593   0.00058
   0.01052   0.25900   0.06724   0.08283  -0.00000   0.05764   0.27895   0.05679   0.00000
   0.00466   0.39132   0.07365   0.09316   0.02072   0.12017   0.08815  -0.00000   0.00000
   0.01128   0.37629   0.06378   0.05972   0.00348   0.05697   0.18803   0.02778   0.00000
   0.01360   0.00000   0.16936   0.02045   0.00000   0.02574   0.39286   0.08133   0.11256
   0.04207   0.24222   0.14923   0.00000   0.00000   0.00000   0.20830   0.15196   0.02020
   0.85838  -0.00000   0.00000   0.00000   0.02645   0.00000   0.00000  -0.00000   0.00000
   0.00000   0.00000  -0.00000   0.00000   0.01407   0.00000   0.00000   0.00000   0.85558
  -0.00000  -0.00000   0.32017   0.00000   0.15267   0.06471   0.32596   0.00000   0.00000
  -0.00000   0.00000   0.25481   0.00000   0.00000   0.04845   0.08570   0.13622   0.07251
   0.00000   0.13440   0.19551   0.00000   0.00000   0.06664   0.02739   0.18474   0.07236
   0.00000   0.11835   0.10984   0.00000   0.38533   0.09198   0.01899   0.00000   0.04983
   0.00000   0.09666   0.11690   0.00000   0.43737   0.10778   0.00000   0.00000   0.03522
   0.00000   0.28014   0.17499   0.00000   0.00000   0.04841   0.00000   0.16527   0.00397
   0.00000   0.00000   0.16688   0.00000   0.33465   0.05960   0.27772   0.00000   0.00000
   0.01423   0.30659   0.06367   0.00000   0.11912   0.03780   0.00000   0.11511   0.10836
   0.01298   0.04884   0.00000   0.03761   0.02122   0.00199   0.57260   0.10016   0.01629
   0.01520   0.32105   0.00000   0.10713   0.00000  -0.00000   0.35579   0.00000   0.02769
   0.00894   0.00000   0.00000   0.11754   0.00000   0.10368   0.13068   0.36655   0.09093
   1.00000   1.00000   1.00000   1.00000   1.00000   1.00000   1.00000   1.00000   1.00000

   0.05712   0.08950   0.08892   0.10532   0.22089   0.05191   0.47777   0.11875   0.02828
   0.03932   0.05979   0.03417   0.08996   0.18703   0.04756   0.54549   0.14723   0.08674
   0.03343   0.03879   0.18526   0.05180   0.30150   0.04318   0.50370   0.05675   0.02442
   0.03536   0.06391   0.13375   0.08846   0.45693   0.06797   0.22657   0.16903   0.02600
   0.02616   0.05262   0.16313   0.01599   0.33441   0.03079   0.46220   0.10798   0.04216
   0.02939   0.00963   0.16974   0.01364   0.35969   0.04953   0.44844   0.09565   0.04694
   0.03224   0.01023   0.16126   0.10533   0.43099   0.06129   0.31771   0.08919   0.00607
   0.04157   0.24332   0.05776   0.10729   0.05997   0.11234   0.38995   0.15214   0.04810
   0.01283   0.02001   0.02228   0.04812   0.04818   0.86949   0.11385   0.01126   0.04610
   0.02483   0.02212   0.04046   0.05563   0.03684   0.90670   0.06621   0.02726   0.02638
   0.07707   0.32720   0.02186   0.11800   0.00158   0.06292   0.39203   0.08993   0.08502
   0.01370   0.03902   0.02599   0.44695   0.12941   0.16236   0.15483   0.16456   0.03938
   0.03048   0.01852   0.00979   0.48110   0.01468   0.05941   0.21276   0.32936   0.01179
   0.00918   0.03699   0.01287   0.76877   0.06477   0.01755   0.19772   0.01012   0.01241
   0.03159   0.08314   0.06003   0.24416   0.00760   0.08202   0.40582   0.16587   0.07409
   0.03721   0.03812   0.04049   0.12508   0.02540   0.01976   0.57320   0.24662   0.07869
   0.01381   0.05574   0.06107   0.33773   0.12042   0.12369   0.26019   0.17048   0.08827
   0.00845   0.14806   0.00934   0.35886   0.27248   0.25440   0.00706   0.13683   0.01964
   0.00405   0.00485   0.12744   0.28104   0.13843   0.00265   0.50252   0.06655   0.06830
   0.07224   0.09151   0.61981   0.07500   0.05042   0.05218   0.21668   0.07643   0.13858
   0.06016   0.12810   0.53478   0.08554   0.12205   0.05908   0.17984   0.08985   0.12644
   0.06635   0.06876   0.59811   0.08445   0.03054   0.05124   0.22143   0.08725   0.16418
   0.02660   0.09371   0.04254   0.12525   0.11340   0.03464   0.72773   0.16163   0.03520
   0.04384   0.35837   0.07785   0.12975   0.02437   0.07010   0.37254   0.05780   0.04732
   0.04817   0.37524   0.08151   0.13024   0.02450   0.07033   0.33314   0.07807   0.04331
   0.04634   0.32887   0.10529   0.14111   0.01612   0.08892   0.34268   0.10922   0.03206
   0.04497   0.45748   0.11375   0.17452   0.05298   0.16529   0.15766   0.04046   0.01947
   0.05089   0.43959   0.09895   0.12488   0.02562   0.09366   0.25827   0.07783   0.03762
   0.04720   0.02963   0.22919   0.06350   0.02388   0.04717   0.47413   0.13430   0.17119
   0.08722   0.32343   0.19642   0.00347   0.00403   0.00158   0.28252   0.22382   0.07507
   0.94424   0.05092   0.05589   0.01445   0.05823   0.01445   0.05340   0.04392   0.07162
   0.03573   0.04886   0.06035   0.03073   0.05403   0.02463   0.05277   0.04869   0.92862
   0.03464   0.03205   0.39351   0.00854   0.20460   0.09940   0.41638   0.01236   0.02335
   0.04222   0.12718   0.35123   0.11190   0.06847   0.11256   0.22169   0.25077   0.17964
   0.04237   0.24895   0.27507   0.07978   0.02350   0.11607   0.13735   0.28813   0.16678
   0.01899   0.19607   0.18746   0.01826   0.47009   0.17173   0.09576   0.02517   0.11827
   0.01563   0.17787   0.19958   0.02075   0.53566   0.20284   0.00504   0.03842   0.09719
   0.06289   0.40958   0.26808   0.10505   0.02715   0.11054   0.03072   0.28885   0.10055
   0.02276   0.01811   0.24807   0.05544   0.40867   0.12543   0.35607   0.02348   0.00968
   0.06413   0.40120   0.14069   0.01009   0.16914   0.07952   0.01728   0.20603   0.17660
   0.04194   0.12230   0.00812   0.08418   0.04398   0.02108   0.63388   0.16957   0.07328
   0.05180   0.39128   0.00483   0.16297   0.01597   0.02609   0.43983   0.00744   0.08080
   0.04418   0.05581   0.02319   0.17860   0.00887   0.12857   0.20664   0.42620   0.13628
   1.00000   1.00000   1.00000   1.00000   1.00000   1.00000   1.00000   1.00000   1.00000
