
Factor Profiles (conc. of species) from Base Run #7 (Convergent Run)

		Factor 1	Factor 2	Factor 3	Factor 4	Factor 5	Factor 6	Factor 7	Factor 8	Factor 9
7	Dichloromethane	1.055300E-002	6.563800E-003	8.112100E-004	1.181400E-002	3.740500E-003	5.484000E-002	2.600700E-002	5.404500E-003	5.247800E-003
7	Chloroform	1.474500E-003	7.925500E-004	1.567600E-003	2.876600E-003	8.114700E-004	1.313900E-002	4.548400E-003	6.714500E-004	0.000000E+000
7	Trichlorofluoromethane	4.603600E-003	4.194900E-003	3.578800E-003	6.485200E-003	3.587900E-003	1.192100E-001	7.818700E-002	5.302900E-003	3.006500E-002
7	Dichlorodifluoromethane	2.974300E-002	2.098100E-002	0.000000E+000	6.139900E-002	1.108700E-002	6.727900E-002	1.729200E-001	8.291100E-003	3.123500E-002
7	Carbon Tetrachloride	0.000000E+000	2.733700E-003	1.540100E-003	5.360100E-003	0.000000E+000	3.008800E-002	2.411300E-002	9.578100E-004	7.284900E-003
7	1_1_2-Trichlorotrifluoroethane	0.000000E+000	0.000000E+000	2.651900E-003	6.108000E-003	1.265900E-003	3.229700E-002	2.861500E-002	1.283100E-003	7.867300E-003
7	1_2-Dichloro-1_1_2_2-tetrafluoroethane	1.531600E-003	0.000000E+000	0.000000E+000	1.347200E-003	3.022700E-004	4.671800E-003	7.175100E-003	3.421800E-004	1.360000E-003
7	Tetrachloroethene	4.929400E-004	1.084300E-003	8.640400E-005	6.888600E-004	5.710900E-004	2.150900E-003	2.548300E-004	1.658800E-004	2.419800E-004
7	1_2-Dichlorobenzene	1.473400E-004	0.000000E+000	9.418900E-005	0.000000E+000	5.097700E-003	6.339500E-004	6.641500E-005	0.000000E+000	4.706100E-006
7	1_4-Dichlorobenzene	1.333000E-004	0.000000E+000	0.000000E+000	3.855500E-005	5.073700E-003	3.743500E-004	0.000000E+000	5.948100E-005	9.466000E-005
7	PCBTF	1.196100E-003	3.388000E-003	2.728400E-004	7.879700E-004	7.803700E-004	5.392500E-003	0.000000E+000	9.588400E-004	1.058700E-004
7	N-Butane	1.886700E-001	1.268400E-002	4.078000E-003	5.434200E-002	5.747200E-002	4.449200E-002	4.273300E-002	1.122200E-003	1.114500E-002
7	Isobutane	1.023800E-001	0.000000E+000	0.000000E+000	7.411500E-002	1.193000E-002	4.553500E-002	0.000000E+000	2.988000E-003	1.418000E-003
7	N-Pentane	6.884200E-002	1.433400E-003	0.000000E+000	0.000000E+000	1.177500E-003	1.529500E-002	4.694900E-003	6.525400E-004	0.000000E+000
7	Isopentane	7.149500E-002	1.807400E-002	1.878500E-002	5.172200E-002	2.758300E-002	1.476800E-001	2.319700E-003	7.433700E-003	1.500100E-002
7	2-Methyl pentane	3.200600E-002	9.365500E-003	1.122800E-002	6.595900E-002	3.472800E-003	1.845300E-001	2.098100E-003	8.377100E-003	1.281900E-002
7	Butene	6.939300E-002	6.926500E-003	1.320000E-002	2.869300E-002	2.163800E-002	4.517000E-002	2.036000E-002	1.827400E-004	1.018300E-002
7	Propylene	1.300200E-001	4.761300E-002	0.000000E+000	4.234000E-002	9.462300E-002	0.000000E+000	8.852700E-002	0.000000E+000	0.000000E+000
7	cis-2-Pentene	2.422100E-003	0.000000E+000	4.253900E-004	4.945900E-004	0.000000E+000	4.188100E-003	1.136100E-003	0.000000E+000	9.098400E-004
7	Isoprene	3.991800E-002	3.968200E-002	3.432600E-002	0.000000E+000	1.248900E-002	7.552600E-002	1.019800E-002	5.314000E-003	3.448500E-001
7	alpha-Pinene	8.672900E-003	1.446700E-002	6.060000E-003	1.516100E-003	3.724600E-003	1.134600E-002	1.075700E-002	4.349400E-004	6.611600E-002
7	MVK	2.261300E-002	1.279800E-002	2.447000E-002	3.772900E-003	5.813000E-003	3.927100E-002	0.000000E+000	8.805500E-004	1.592200E-001
7	Benzene	2.238900E-002	1.821800E-003	6.107700E-003	2.867700E-002	0.000000E+000	1.681200E-001	2.118200E-002	4.999700E-004	0.000000E+000
7	Toluene	3.182000E-002	9.488100E-002	7.143600E-003	1.392800E-002	2.248900E-002	1.287600E-001	7.368000E-003	1.212900E-002	1.519500E-002
7	Ethylbenzene	4.806300E-003	1.594200E-002	9.138800E-004	3.152000E-003	3.553600E-003	1.834100E-002	1.200600E-003	2.116000E-003	2.460300E-003
7	Propylbenzene	1.219100E-003	3.004400E-003	5.379400E-005	9.978200E-004	9.783200E-004	4.134400E-003	1.137600E-004	4.058200E-004	8.577100E-004
7	m_p-Xylene	6.984200E-003	2.383900E-002	1.437800E-004	8.587800E-005	1.055500E-002	1.113600E-002	3.095300E-003	2.339200E-003	3.901400E-003
7	o-Xylene	3.694000E-003	1.767800E-002	6.387500E-004	2.310300E-003	4.561800E-003	1.356900E-002	1.200700E-003	2.094700E-003	2.757800E-003
7	p-Isopropyl Toluene	7.342700E-004	0.000000E+000	2.838600E-003	2.193200E-003	5.711800E-004	8.701100E-003	3.986700E-004	5.318500E-004	3.501300E-003
7	Naphthalene	0.000000E+000	5.144600E-003	8.434700E-004	3.273400E-003	0.000000E+000	5.260900E-003	0.000000E+000	1.222800E-003	3.038300E-003
7	Methanol	0.000000E+000	9.214000E-001	1.244300E+000	1.049300E-001	2.809800E-001	3.005100E+000	4.593500E+000	7.294900E+001	7.165000E-001
7	Ethanol	4.877700E-002	1.840000E-001	4.717600E+000	0.000000E+000	6.664300E-002	0.000000E+000	2.027600E-001	2.929100E-002	3.147200E-001
7	Phenol	0.000000E+000	0.000000E+000	0.000000E+000	0.000000E+000	2.447900E-002	1.318200E-001	7.196700E-002	0.000000E+000	1.199300E-001
7	Formaldehyde	2.020300E-001	3.186600E-001	2.881300E-001	5.632400E-001	2.343800E-001	5.446700E-001	9.829400E-002	0.000000E+000	1.154100E+000
7	Acetaldehyde	3.219900E-002	4.092700E-001	1.442900E-001	4.021100E-001	1.811000E-001	2.058100E-001	0.000000E+000	2.495900E-003	5.133000E-001
7	Isovaleraldehyde	0.000000E+000	1.220600E-002	2.832500E-003	0.000000E+000	8.912500E-003	3.360100E-003	2.707400E-002	0.000000E+000	7.950800E-003
7	Hexaldehyde	0.000000E+000	2.763600E-002	3.927500E-003	0.000000E+000	2.601700E-002	0.000000E+000	7.392500E-002	0.000000E+000	1.912700E-002
7	m_p-Tolualdehyde	1.764000E-005	5.590000E-004	1.407700E-006	2.656400E-004	1.361800E-004	3.460300E-005	0.000000E+000	2.783500E-005	3.708900E-004
7	Phenylacetaldehyde	6.990000E-003	0.000000E+000	0.000000E+000	6.931500E-004	1.215300E-002	4.871200E-002	6.347100E-002	0.000000E+000	2.879000E-002
7	Cyclohexanone	0.000000E+000	8.548000E-004	2.176100E-004	2.424500E-004	1.543600E-004	0.000000E+000	2.920500E-004	9.218500E-005	2.575200E-004
7	Methyl acetate	1.367800E-002	1.933100E-002	1.030700E-002	2.976100E-002	3.070000E-003	1.324500E-001	5.445000E-003	6.108500E-003	0.000000E+000
7	n-Butyl acetate	2.015000E-002	4.645600E-002	4.434100E-003	0.000000E+000	2.704000E-003	6.017500E-002	0.000000E+000	6.824400E-003	0.000000E+000
7	D5-Siloxane	1.589700E-002	2.485400E-003	1.062700E-002	4.225600E-002	1.319400E-002	2.456600E-002	0.000000E+000	3.326800E-003	1.481400E-003
7	O3_form	7.576400E-001	1.033600E+001	2.191000E+000	7.790400E+000	3.040400E+000	7.949800E+000	4.511000E+000	9.677000E-002	1.384600E+001
7	NOx	9.069000E-001	4.907800E+000	4.316200E-001	4.286900E-001	1.429400E+000	0.000000E+000	3.044700E-001	5.056500E-001	2.773100E+000

Factor Profiles (% of species sum) from Base Run #7 (Convergent Run)

		Factor 1	Factor 2	Factor 3	Factor 4	Factor 5	Factor 6	Factor 7	Factor 8	Factor 9
7	Dichloromethane	8.443628E+000	5.251804E+000	6.490625E-001	9.452576E+000	2.992836E+000	4.387838E+001	2.080863E+001	4.324229E+000	4.198851E+000
7	Chloroform	5.697104E+000	3.062218E+000	6.056819E+000	1.111447E+001	3.135320E+000	5.076585E+001	1.757389E+001	2.594317E+000	0.000000E+000
7	Trichlorofluoromethane	1.803810E+000	1.643671E+000	1.402267E+000	2.541070E+000	1.405833E+000	4.670958E+001	3.063570E+001	2.077814E+000	1.178025E+001
7	Dichlorodifluoromethane	7.381586E+000	5.207042E+000	0.000000E+000	1.523794E+001	2.751560E+000	1.669723E+001	4.291510E+001	2.057676E+000	7.751869E+000
7	Carbon Tetrachloride	0.000000E+000	3.792717E+000	2.136724E+000	7.436567E+000	0.000000E+000	4.174389E+001	3.345422E+001	1.328859E+000	1.010702E+001
7	1_1_2-Trichlorotrifluoroethane	0.000000E+000	0.000000E+000	3.311224E+000	7.626592E+000	1.580632E+000	4.032679E+001	3.572936E+001	1.602109E+000	9.823295E+000
7	1_2-Dichloro-1_1_2_2-tetrafluoroethane	9.154730E+000	0.000000E+000	0.000000E+000	8.052528E+000	1.806738E+000	2.792444E+001	4.288724E+001	2.045290E+000	8.129037E+000
7	Tetrachloroethene	8.592020E+000	1.889952E+001	1.506035E+000	1.200694E+001	9.954186E+000	3.749052E+001	4.441726E+000	2.891314E+000	4.217749E+000
7	1_2-Dichlorobenzene	2.437669E+000	0.000000E+000	1.558311E+000	0.000000E+000	8.433897E+001	1.048839E+001	1.098804E+000	0.000000E+000	7.786013E-002
7	1_4-Dichlorobenzene	2.308606E+000	0.000000E+000	0.000000E+000	6.677294E-001	8.787080E+001	6.483322E+000	0.000000E+000	1.030144E+000	1.639405E+000
7	PCBTF	9.284696E+000	2.629926E+001	2.117913E+000	6.116597E+000	6.057602E+000	4.185914E+001	0.000000E+000	7.442971E+000	8.218132E-001
7	N-Butane	4.527303E+001	3.043638E+000	9.785520E-001	1.303984E+001	1.379091E+001	1.067625E+001	1.025416E+001	2.692818E-001	2.674341E+000
7	Isobutane	4.295076E+001	0.000000E+000	0.000000E+000	3.109294E+001	5.004909E+000	1.910298E+001	0.000000E+000	1.253534E+000	5.948835E-001
7	N-Pentane	7.475079E+001	1.556431E+000	0.000000E+000	0.000000E+000	1.278566E+000	1.660779E+001	5.097869E+000	7.085483E-001	0.000000E+000
7	Isopentane	1.985457E+001	5.019253E+000	5.216702E+000	1.436350E+001	7.659957E+000	4.101158E+001	6.441940E-001	2.064381E+000	4.165864E+000
7	2-Methyl pentane	9.703036E+000	2.839273E+000	3.403915E+000	1.999633E+001	1.052825E+000	5.594268E+001	6.360664E-001	2.539627E+000	3.886247E+000
7	Butene	3.216418E+001	3.210485E+000	6.118299E+000	1.329942E+001	1.002938E+001	2.093663E+001	9.437013E+000	8.470136E-002	4.719897E+000
7	Propylene	3.225318E+001	1.181104E+001	0.000000E+000	1.050300E+001	2.347249E+001	0.000000E+000	2.196029E+001	0.000000E+000	0.000000E+000
7	cis-2-Pentene	2.529313E+001	0.000000E+000	4.442196E+000	5.164827E+000	0.000000E+000	4.373483E+001	1.186389E+001	0.000000E+000	9.501134E+000
7	Isoprene	7.099020E+000	7.057049E+000	6.104538E+000	0.000000E+000	2.221045E+000	1.343155E+001	1.813613E+000	9.450421E-001	6.132814E+001
7	alpha-Pinene	7.045723E+000	1.175276E+001	4.923045E+000	1.231655E+000	3.025804E+000	9.217305E+000	8.738811E+000	3.533382E-001	5.371156E+001
7	MVK	8.411371E+000	4.760480E+000	9.102120E+000	1.403408E+000	2.162265E+000	1.460766E+001	0.000000E+000	3.275387E-001	5.922516E+001
7	Benzene	8.998886E+000	7.322422E-001	2.454888E+000	1.152624E+001	0.000000E+000	6.757304E+001	8.513752E+000	2.009546E-001	0.000000E+000
7	Toluene	9.535122E+000	2.843187E+001	2.140638E+000	4.173639E+000	6.739012E+000	3.858398E+001	2.207881E+000	3.634554E+000	4.553306E+000
7	Ethylbenzene	9.157355E+000	3.037400E+001	1.741199E+000	6.005447E+000	6.770609E+000	3.494477E+001	2.287481E+000	4.031576E+000	4.687564E+000
7	Propylbenzene	1.036198E+001	2.553649E+001	4.572327E-001	8.481169E+000	8.315425E+000	3.514115E+001	9.669256E-001	3.449347E+000	7.290276E+000
7	m_p-Xylene	1.125037E+001	3.840060E+001	2.316053E-001	1.383349E-001	1.700232E+001	1.793821E+001	4.986005E+000	3.768056E+000	6.284496E+000
7	o-Xylene	7.615702E+000	3.644569E+001	1.316873E+000	4.763009E+000	9.404794E+000	2.797441E+001	2.475412E+000	4.318520E+000	5.685594E+000
7	p-Isopropyl Toluene	3.771256E+000	0.000000E+000	1.457923E+001	1.126441E+001	2.933616E+000	4.468939E+001	2.047594E+000	2.731615E+000	1.798289E+001
7	Naphthalene	0.000000E+000	2.738898E+001	4.490491E+000	1.742702E+001	0.000000E+000	2.800814E+001	0.000000E+000	6.509979E+000	1.617539E+001
7	Methanol	0.000000E+000	1.099317E+000	1.484567E+000	1.251913E-001	3.352355E-001	3.585366E+000	5.480476E+000	8.703500E+001	8.548517E-001
7	Ethanol	8.766864E-001	3.307098E+000	8.479111E+001	0.000000E+000	1.197798E+000	0.000000E+000	3.644278E+000	5.264576E-001	5.656575E+000
7	Phenol	0.000000E+000	0.000000E+000	0.000000E+000	0.000000E+000	7.030236E+000	3.785799E+001	2.066853E+001	0.000000E+000	3.444324E+001
7	Formaldehyde	5.935941E+000	9.362704E+000	8.465687E+000	1.654883E+001	6.886432E+000	1.600321E+001	2.888024E+000	0.000000E+000	3.390917E+001
7	Acetaldehyde	1.703133E+000	2.164791E+001	7.632070E+000	2.126919E+001	9.579097E+000	1.088611E+001	0.000000E+000	1.320180E-001	2.715047E+001
7	Isovaleraldehyde	0.000000E+000	1.958101E+001	4.543931E+000	0.000000E+000	1.429754E+001	5.390313E+000	4.343244E+001	0.000000E+000	1.275477E+001
7	Hexaldehyde	0.000000E+000	1.834664E+001	2.607339E+000	0.000000E+000	1.727184E+001	0.000000E+000	4.907639E+001	0.000000E+000	1.269779E+001
7	m_p-Tolualdehyde	1.248235E+000	3.955574E+001	9.961112E-002	1.879711E+001	9.636315E+000	2.448564E+000	0.000000E+000	1.969649E+000	2.624477E+001
7	Phenylacetaldehyde	4.346767E+000	0.000000E+000	0.000000E+000	4.310389E-001	7.557406E+000	3.029181E+001	3.946977E+001	0.000000E+000	1.790321E+001
7	Cyclohexanone	0.000000E+000	4.049314E+001	1.030851E+001	1.148521E+001	7.312261E+000	0.000000E+000	1.383484E+001	4.366940E+000	1.219910E+001
7	Methyl acetate	6.213022E+000	8.780811E+000	4.681797E+000	1.351848E+001	1.394501E+000	6.016339E+001	2.473308E+000	2.774693E+000	0.000000E+000
7	n-Butyl acetate	1.431682E+001	3.300756E+001	3.150483E+000	0.000000E+000	1.921226E+000	4.275508E+001	0.000000E+000	4.848821E+000	0.000000E+000
7	D5-Siloxane	1.396512E+001	2.183362E+000	9.335556E+000	3.712085E+001	1.159060E+001	2.158062E+001	0.000000E+000	2.922511E+000	1.301373E+000
7	O3_form	1.499713E+000	2.045963E+001	4.336981E+000	1.542073E+001	6.018329E+000	1.573625E+001	8.929312E+000	1.915517E-001	2.740751E+001
7	NOx	7.759486E+000	4.199141E+001	3.692964E+000	3.667895E+000	1.223002E+001	0.000000E+000	2.605062E+000	4.326369E+000	2.372680E+001

Factor Profiles (% of factor total) from Base Run #7 (Convergent Run)

		Factor 1	Factor 2	Factor 3	Factor 4	Factor 5	Factor 6	Factor 7	Factor 8	Factor 9
7	Dichloromethane	3.686981E-001	3.739684E-002	8.825994E-003	1.200968E-001	6.633653E-002	4.090208E-001	2.474155E-001	7.335919E-003	2.593747E-002
7	Chloroform	5.151572E-002	4.515504E-003	1.705555E-002	2.924246E-002	1.439115E-002	9.799644E-002	4.327084E-002	9.114077E-004	0.000000E+000
7	Trichlorofluoromethane	1.608395E-001	2.390018E-002	3.893747E-002	6.592616E-002	6.363022E-002	8.891206E-001	7.438257E-001	7.198010E-003	1.485975E-001
7	Dichlorodifluoromethane	1.039154E+000	1.195379E-001	0.000000E+000	6.241597E-001	1.966243E-001	5.017964E-001	1.645061E+000	1.125411E-002	1.543803E-001
7	Carbon Tetrachloride	0.000000E+000	1.557508E-002	1.675634E-002	5.448881E-002	0.000000E+000	2.244095E-001	2.293971E-001	1.300105E-003	3.600591E-002
7	1_1_2-Trichlorotrifluoroethane	0.000000E+000	0.000000E+000	2.885277E-002	6.209169E-002	2.245032E-002	2.408852E-001	2.722265E-001	1.741645E-003	3.888445E-002
7	1_2-Dichloro-1_1_2_2-tetrafluoroethane	5.351067E-002	0.000000E+000	0.000000E+000	1.369514E-002	5.360659E-003	3.484434E-002	6.825974E-002	4.644657E-004	6.721856E-003
7	Tetrachloroethene	1.722222E-002	6.177731E-003	9.400786E-004	7.002698E-003	1.012809E-002	1.604236E-002	2.424305E-003	2.251609E-004	1.195996E-003
7	1_2-Dichlorobenzene	5.147729E-003	0.000000E+000	1.024780E-003	0.000000E+000	9.040603E-002	4.728278E-003	6.318337E-004	0.000000E+000	2.326009E-005
7	1_4-Dichlorobenzene	4.657203E-003	0.000000E+000	0.000000E+000	3.919360E-004	8.998039E-002	2.792067E-003	0.000000E+000	8.073787E-005	4.678609E-004
7	PCBTF	4.178905E-002	1.930292E-002	2.968509E-003	8.010213E-003	1.383960E-002	4.021964E-002	0.000000E+000	1.301503E-003	5.232668E-004
7	N-Butane	6.591707E+000	7.226630E-002	4.436878E-002	5.524208E-001	1.019247E+000	3.318409E-001	4.065369E-001	1.523243E-003	5.508462E-002
7	Isobutane	3.576928E+000	0.000000E+000	0.000000E+000	7.534259E-001	2.115746E-001	3.396201E-001	0.000000E+000	4.055829E-003	7.008523E-003
7	N-Pentane	2.405185E+000	8.166707E-003	0.000000E+000	0.000000E+000	2.088257E-002	1.140768E-001	4.466455E-002	8.857398E-004	0.000000E+000
7	Isopentane	2.497875E+000	1.029755E-001	2.043815E-001	5.257869E-001	4.891754E-001	1.101462E+000	2.206828E-002	1.009030E-002	7.414305E-002
7	2-Methyl pentane	1.118218E+000	5.335935E-002	1.221610E-001	6.705150E-001	6.158896E-002	1.376306E+000	1.996011E-002	1.137084E-002	6.335843E-002
7	Butene	2.424436E+000	3.946330E-002	1.436165E-001	2.916825E-001	3.837428E-001	3.368977E-001	1.936932E-001	2.480462E-004	5.032989E-002
7	Propylene	4.542607E+000	2.712721E-001	0.000000E+000	4.304129E-001	1.678108E+000	0.000000E+000	8.421945E-001	0.000000E+000	0.000000E+000
7	cis-2-Pentene	8.462274E-002	0.000000E+000	4.628258E-003	5.027820E-003	0.000000E+000	3.123669E-002	1.080820E-002	0.000000E+000	4.496921E-003
7	Isoprene	1.394645E+000	2.260857E-001	3.734681E-001	0.000000E+000	2.214883E-001	5.633062E-001	9.701785E-002	7.213077E-003	1.704435E+000
7	alpha-Pinene	3.030117E-001	8.242483E-002	6.593302E-002	1.541212E-002	6.605455E-002	8.462346E-002	1.023359E-001	5.903756E-004	3.267810E-001
7	MVK	7.900475E-001	7.291580E-002	2.662345E-001	3.835392E-002	1.030916E-001	2.929004E-001	0.000000E+000	1.195234E-003	7.869514E-001
7	Benzene	7.822214E-001	1.037959E-002	6.645200E-002	2.915199E-001	0.000000E+000	1.253913E+000	2.015132E-001	6.786455E-004	0.000000E+000
7	Toluene	1.111719E+000	5.405785E-001	7.772262E-002	1.415869E-001	3.988350E-001	9.603487E-001	7.009488E-002	1.646357E-002	7.510191E-002
7	Ethylbenzene	1.679213E-001	9.082855E-002	9.943048E-003	3.204207E-002	6.302192E-002	1.367953E-001	1.142181E-002	2.872200E-003	1.216013E-002
7	Propylbenzene	4.259262E-002	1.711738E-002	5.852806E-004	1.014347E-002	1.735018E-002	3.083617E-002	1.082247E-003	5.508489E-004	4.239267E-003
7	m_p-Xylene	2.440123E-001	1.358212E-001	1.564332E-003	8.730042E-004	1.871894E-001	8.305719E-002	2.944689E-002	3.175166E-003	1.928283E-002
7	o-Xylene	1.290601E-001	1.007193E-001	6.949623E-003	2.348566E-002	8.090202E-002	1.012036E-001	1.142276E-002	2.843288E-003	1.363054E-002
7	p-Isopropyl Toluene	2.565375E-002	0.000000E+000	3.088407E-002	2.229527E-002	1.012969E-002	6.489663E-002	3.792715E-003	7.219185E-004	1.730532E-002
7	Naphthalene	0.000000E+000	2.931104E-002	9.176983E-003	3.327618E-002	0.000000E+000	3.923811E-002	0.000000E+000	1.659795E-003	1.501692E-002
7	Methanol	0.000000E+000	5.249619E+000	1.353803E+001	1.066680E+000	4.983088E+000	2.241336E+001	4.369989E+001	9.901896E+001	3.541331E+000
7	Ethanol	1.704159E+000	1.048329E+000	5.132766E+001	0.000000E+000	1.181892E+000	0.000000E+000	1.928941E+000	3.975879E-002	1.555516E+000
7	Phenol	0.000000E+000	0.000000E+000	0.000000E+000	0.000000E+000	4.341270E-001	9.831715E-001	6.846523E-001	0.000000E+000	5.927590E-001
7	Formaldehyde	7.058475E+000	1.815545E+000	3.134865E+000	5.725691E+000	4.156652E+000	4.062388E+000	9.351121E-001	0.000000E+000	5.704186E+000
7	Acetaldehyde	1.124961E+000	2.331790E+000	1.569880E+000	4.087703E+000	3.211749E+000	1.535022E+000	0.000000E+000	3.387866E-003	2.537006E+000
7	Isovaleraldehyde	0.000000E+000	6.954292E-002	3.081770E-002	0.000000E+000	1.580603E-001	2.506110E-002	2.575663E-001	0.000000E+000	3.929715E-002
7	Hexaldehyde	0.000000E+000	1.574544E-001	4.273134E-002	0.000000E+000	4.614029E-001	0.000000E+000	7.032796E-001	0.000000E+000	9.453598E-002
7	m_p-Tolualdehyde	6.163021E-004	3.184868E-003	1.531583E-005	2.700399E-003	2.415107E-003	2.580844E-004	0.000000E+000	3.778246E-005	1.833139E-003
7	Phenylacetaldehyde	2.442149E-001	0.000000E+000	0.000000E+000	7.046308E-003	2.155294E-001	3.633155E-001	6.038262E-001	0.000000E+000	1.422957E-001
7	Cyclohexanone	0.000000E+000	4.870169E-003	2.367605E-003	2.464658E-003	2.737524E-003	0.000000E+000	2.778394E-003	1.251294E-004	1.272803E-003
7	Methyl acetate	4.778787E-001	1.101372E-001	1.121405E-001	3.025394E-001	5.444544E-002	9.878703E-001	5.180057E-002	8.291509E-003	0.000000E+000
7	n-Butyl acetate	7.039958E-001	2.646801E-001	4.824317E-002	0.000000E+000	4.795455E-002	4.488116E-001	0.000000E+000	9.263252E-003	0.000000E+000
7	D5-Siloxane	5.554056E-001	1.416041E-002	1.156221E-001	4.295590E-001	2.339912E-001	1.832240E-001	0.000000E+000	4.515707E-003	7.321880E-003
7	O3_form	2.647024E+001	5.888871E+001	2.383816E+001	7.919434E+001	5.392049E+001	5.929311E+001	4.291504E+001	1.313529E-001	6.843442E+001
7	NOx	3.168505E+001	2.796188E+001	4.696041E+000	4.357905E+000	2.534994E+001	0.000000E+000	2.896551E+000	6.863554E-001	1.370616E+001
