
Factor Contributions (avg = 1) from Base Run #7 (Convergent Run)

		Factor 1	Factor 2	Factor 3	Factor 4	Factor 5	Factor 6	Factor 7	Factor 8	Factor 9
7	07/10/21	2.160900E+000	2.054100E+000	4.607400E+000	8.307700E-001	1.412100E-001	3.913900E+000	-8.893500E-002	1.689300E+000	4.859700E-001
7	07/11/21	4.488300E-001	2.799900E-001	4.629500E+000	1.104500E+000	4.834700E-001	2.285000E+000	1.082700E+000	5.956000E-001	1.048500E+000
7	07/12/21	2.707700E+000	2.072100E+000	5.561300E+000	6.189500E-001	1.347200E+000	4.130500E+000	-2.000000E-001	1.363800E+000	-1.382300E-001
7	07/13/21	1.091900E+000	-2.000000E-001	5.121900E+000	-2.000000E-001	6.559400E-001	2.718100E+000	9.172000E-001	9.733200E-002	1.606700E+000
7	07/14/21	1.877100E+000	1.885000E+000	-2.000000E-001	7.100800E-001	1.125600E+000	4.026800E+000	-5.827400E-002	5.569700E+000	1.001500E+000
7	07/15/21	2.588000E+000	2.651600E+000	1.744900E+000	5.625000E-001	8.968400E-001	4.151500E+000	-2.000000E-001	1.527700E+000	-2.000000E-001
7	07/16/21	1.797200E+000	1.359500E+000	2.225300E+000	5.316500E-001	5.046500E-001	3.470900E+000	6.493400E-001	1.235300E+000	5.068900E-001
7	07/17/21	7.573100E-001	8.850000E-001	-1.344700E-001	9.036100E-001	4.743200E-001	2.766800E+000	8.420700E-001	-1.917400E-001	1.332600E+000
7	07/18/21	6.366000E-001	-2.000000E-001	-1.309800E-001	1.518000E+000	4.588200E-001	1.967800E+000	1.486300E+000	-1.884200E-001	1.521100E+000
7	07/19/21	1.837700E+000	1.561700E+000	-1.467900E-001	-2.000000E-001	1.006800E+000	2.450800E+000	-9.716900E-002	-1.293900E-001	1.436100E+000
7	07/20/21	2.620500E+000	1.663400E+000	2.249100E+000	-2.000000E-001	6.789600E-001	2.282800E+000	4.008500E-001	1.082000E+001	6.598800E-001
7	07/21/21	1.329900E+000	9.420100E-001	2.794900E+000	1.290400E-001	4.979800E-001	3.018500E+000	1.977400E-001	4.515800E+000	1.427700E+000
7	07/22/21	3.078300E+000	3.228000E+000	2.857600E+000	8.600700E-002	1.214800E+000	4.036000E+000	-2.000000E-001	3.020600E+000	-2.000000E-001
7	07/23/21	1.605700E+000	1.922600E+000	-1.746000E-001	1.546700E+000	1.027200E+000	3.126600E+000	-2.000000E-001	3.705100E+000	9.109100E-001
7	07/24/21	1.427000E+000	2.025300E+000	-1.319400E-001	1.137800E+000	6.552600E-001	2.559800E+000	5.569000E-001	-1.741800E-001	6.654900E-001
7	07/25/21	8.464500E-001	5.177800E-001	2.366200E+000	1.234600E+000	7.297200E-001	1.890100E+000	1.032600E+000	5.760700E-001	6.834400E-001
7	07/26/21	-5.559200E-003	1.659900E+000	9.977900E-001	1.380300E-001	3.232600E-002	-2.000000E-001	2.155300E-001	-5.268700E-002	9.574800E-001
7	07/27/21	1.112000E+000	1.575700E+000	2.802300E+000	8.215700E-001	8.489000E-002	2.021600E+000	6.172700E-001	1.948300E+000	1.298300E+000
7	07/28/21	1.339300E+000	2.561400E+000	1.521900E+000	6.279900E-001	4.916500E-001	2.153000E+000	7.087100E-001	2.539700E-001	7.784000E-001
7	07/29/21	2.227000E+000	3.324500E+000	1.893300E+000	7.734100E-001	6.449200E-001	6.455200E-001	4.575900E-001	7.096900E-001	9.413400E-001
7	07/30/21	7.857300E-001	1.737600E+000	3.628200E+000	9.587300E-002	9.687000E-002	1.963900E+000	7.308500E-001	6.836800E-001	1.225100E+000
7	07/31/21	1.730600E+000	1.301000E+000	4.273200E+000	4.501000E-002	2.730000E-001	1.902300E+000	5.988800E-001	1.289600E+000	1.338200E+000
7	08/01/21	1.570400E+000	3.051200E-001	1.331500E+000	8.816300E-001	5.202700E-001	1.269500E+000	2.430300E-001	2.896500E-001	1.916200E+000
7	08/02/21	5.034500E-001	9.861500E-002	-1.863900E-001	4.464400E-001	-1.816300E-001	1.341300E+000	1.176700E+000	-1.517600E-001	2.521400E+000
7	08/03/21	1.272700E+000	1.092100E+000	1.484100E+000	-2.000000E-001	-2.021000E-002	2.215700E+000	5.585300E-001	-1.883100E-001	2.391300E+000
7	08/04/21	2.776900E+000	2.043400E+000	1.726700E+000	6.491100E-001	2.581100E-001	2.911700E+000	-1.308800E-001	1.918500E-001	1.664700E+000
7	08/05/21	2.969000E+000	2.158600E+000	1.886300E+000	6.595400E-002	8.242400E-001	3.071400E+000	1.134300E-001	1.216700E-001	8.821600E-001
7	08/06/21	1.583000E+000	1.404600E+000	-1.562300E-001	1.896400E+000	8.714300E-001	2.319600E+000	1.898400E-001	-1.435900E-001	1.555600E+000
7	08/07/21	3.378600E-001	7.936800E-001	1.218000E+000	1.453600E+000	8.270600E-001	1.933400E+000	1.055000E+000	-1.917500E-001	1.014400E+000
7	08/08/21	8.114600E-001	4.235000E-001	2.393800E+000	1.020800E+000	6.038600E-001	1.542400E+000	1.101900E+000	4.749800E-001	9.808800E-001
7	08/09/21	1.078000E+000	2.619900E+000	1.702500E+000	2.441100E+000	4.905800E-001	2.403500E-001	1.290100E+000	8.713000E-002	5.884000E-001
7	08/10/21	2.251900E+000	2.249100E+000	1.635700E+000	1.096700E+000	8.123000E-001	2.257500E+000	3.647500E-001	2.292600E-001	9.163900E-001
7	08/11/21	-1.688900E-001	-2.000000E-001	8.267500E-001	-2.048800E-002	1.116900E+000	9.978100E-001	1.151500E+000	1.472700E-001	2.488600E+000
7	08/12/21	3.306900E-002	1.040600E+000	1.068900E+000	2.320200E+000	-2.000000E-001	3.110700E+000	2.843900E+000	2.846400E-001	8.112900E-001
7	08/13/21	-2.000000E-001	-2.000000E-001	6.566300E-001	1.135000E+000	6.254200E-001	1.152300E-001	1.193400E+000	9.923300E+000	1.993500E+000
7	08/14/21	4.369900E-001	1.047500E+000	1.298500E+000	1.086900E+000	1.420900E-001	3.706500E-001	9.145000E-001	5.722800E+000	1.659700E+000
7	08/15/21	6.106700E-001	3.580800E-001	6.335600E-001	2.579400E+000	4.863100E-001	8.549200E-001	2.446000E-001	3.895700E+000	1.552100E+000
7	08/16/21	1.709600E+000	1.140600E+000	1.258300E+000	3.970000E+000	6.788600E-001	8.602100E-001	-7.178500E-002	1.540000E+000	2.194500E+000
7	08/17/21	4.713100E-001	2.368400E+000	8.315700E-001	3.141700E+000	1.204100E+000	-2.000000E-001	6.928000E-001	2.249200E+000	1.413100E+000
7	08/18/21	-1.505800E-001	-2.520800E-002	-9.621800E-002	1.070000E-001	-2.899200E-002	1.134800E-001	1.733700E+000	1.318800E+000	8.246100E-001
7	08/19/21	-1.624800E-001	-5.892500E-002	-1.000900E-001	2.100700E-001	-2.754000E-002	8.885100E-002	2.014800E+000	1.001700E+000	7.530200E-001
7	08/20/21	1.570500E+000	3.079400E+000	6.745800E-001	2.699300E+000	6.882700E-001	1.527100E+000	6.507000E-001	2.639400E+000	-2.000000E-001
7	08/21/21	-2.000000E-001	3.920100E+000	-1.572100E-001	-1.861000E-001	1.494300E+000	3.415600E-001	2.656600E-001	5.517100E-001	1.272900E-001
7	08/22/21	8.407700E-001	9.255100E-001	-1.042500E-001	2.509000E+000	8.941200E-002	6.640400E-001	1.844500E+000	-1.596300E-001	2.679300E-001
7	08/23/21	8.222700E-001	1.524000E+000	8.848500E-001	2.492900E+000	4.930500E-001	8.707400E-001	1.483000E+000	3.122300E-001	3.401900E-001
7	08/24/21	3.034700E-001	1.322500E+000	-1.763800E-001	2.578200E+000	8.149700E-001	1.253300E+000	1.225900E+000	7.225900E-001	8.711600E-001
7	08/25/21	8.520600E-001	1.472800E+000	-2.000000E-001	1.688800E+000	8.371700E-001	1.876400E+000	6.293100E-001	-1.523500E-001	1.521800E+000
7	08/26/21	-1.024600E-001	2.423900E-001	-2.000000E-001	7.067000E-001	8.904900E-001	1.270700E+000	1.202600E+000	1.482700E+000	1.843200E+000
7	08/27/21	5.781500E-001	3.834000E-001	1.789200E+000	1.367300E+000	-2.000000E-001	1.280600E+000	8.910100E-001	-1.620600E-001	1.731700E+000
7	08/28/21	8.870100E-001	3.705300E-001	2.301100E+000	1.848300E+000	3.596400E-001	1.623600E+000	4.385200E-001	2.354500E-001	2.025700E+000
7	08/29/21	1.839600E-001	2.776000E-002	1.849100E+000	1.395300E+000	5.367500E-001	1.331500E+000	9.096400E-001	4.602600E-001	1.948600E+000
7	08/30/21	4.016200E-002	8.205600E-002	-6.979900E-002	1.350600E-003	1.251900E-002	-1.098300E-001	-2.000000E-001	9.864600E-004	1.690100E+000
7	08/31/21	1.674700E+000	3.641300E+000	1.820300E+000	3.634600E+000	4.640200E-001	1.480100E+000	1.544200E-001	6.956100E-001	-1.755200E-001
7	09/01/21	4.916300E-001	1.129200E+000	1.551200E+000	1.403400E+000	1.193700E+000	8.343800E-001	1.714800E+000	-1.852400E-001	7.008500E-003
7	09/02/21	9.558200E-001	2.793500E+000	2.652200E+000	2.756000E+000	-3.244000E-002	8.486000E-001	1.253800E+000	3.510200E-001	-1.205300E-001
7	09/03/21	4.154800E-001	4.873000E-001	1.869200E+000	1.822700E+000	5.047800E-001	9.663500E-001	5.311200E-001	6.611000E-001	1.615500E+000
7	09/04/21	4.007400E-002	6.796900E-002	-7.950000E-002	-8.317800E-004	1.177000E-002	-1.093300E-001	-2.000000E-001	-2.019400E-004	1.844600E+000
7	09/05/21	-2.000000E-001	-1.820700E-001	1.121600E+000	5.684200E-001	3.953500E-001	5.653000E-001	1.200300E+000	1.567200E-001	1.912700E+000
7	09/06/21	1.106600E+000	6.715100E-001	1.964700E+000	2.828200E+000	1.946700E-001	1.120800E+000	3.030200E-001	3.661800E-001	1.848300E+000
7	09/07/21	-9.990000E+002	-9.990000E+002	-9.990000E+002	-9.990000E+002	-9.990000E+002	-9.990000E+002	-9.990000E+002	-9.990000E+002	-9.990000E+002
7	09/08/21	2.137900E+000	2.294200E+000	1.612000E+000	2.157500E+000	7.875900E-001	1.995100E+000	-2.000000E-001	2.979800E-001	1.389300E+000
7	09/09/21	-9.990000E+002	-9.990000E+002	-9.990000E+002	-9.990000E+002	-9.990000E+002	-9.990000E+002	-9.990000E+002	-9.990000E+002	-9.990000E+002
7	09/10/21	1.318100E+000	1.221700E+000	1.630700E+000	2.514300E+000	1.821100E+000	1.443700E+000	-9.668600E-002	6.675500E-001	1.327000E+000
7	09/11/21	-2.000000E-001	8.745700E-001	2.181900E+000	1.414200E+000	-1.189800E-001	6.832600E-001	5.872900E-001	3.610700E-001	2.248600E+000
7	09/12/21	-1.672400E-001	-1.008400E-001	9.331700E-001	3.769800E-001	-7.591200E-002	4.363600E-001	1.100300E+000	-3.020800E-003	2.607200E+000
7	09/13/21	2.436100E-001	1.304000E-001	1.476500E+000	9.205100E-001	-1.249500E-001	6.661400E-001	7.404100E-001	2.579400E+000	2.548300E+000
7	09/14/21	6.515000E-001	9.885600E-001	1.011300E+000	2.078800E+000	-9.279200E-002	3.344200E-001	6.819000E-001	6.399000E+000	1.987200E+000
7	09/15/21	1.115500E+000	2.138800E+000	1.630800E+000	2.103600E+000	-1.817400E-001	1.044000E+000	1.564000E-001	3.961600E+000	1.167300E+000
7	09/16/21	1.539700E+000	2.541500E+000	1.907600E+000	3.191500E+000	-2.000000E-001	1.058500E+000	1.062200E-001	3.093000E+000	8.381300E-001
7	09/17/21	1.364200E+000	3.158300E+000	1.086900E+000	3.408200E+000	-1.498300E-001	8.385500E-001	2.976000E-001	1.343000E+000	5.063400E-002
7	09/18/21	7.516500E-001	2.469600E+000	1.265600E+000	2.516200E+000	-1.224200E-001	6.587400E-001	5.156600E-001	9.797000E-001	8.739800E-001
7	09/19/21	3.915100E-001	8.112600E-001	1.007300E+000	2.127500E+000	-8.935900E-002	4.496200E-001	1.049800E+000	7.940900E-001	7.464200E-001
7	09/20/21	9.537600E-001	1.613400E+000	1.297000E+000	1.885000E+000	-1.663300E-001	9.630700E-001	2.763000E-001	1.230600E+000	1.747900E+000
7	09/21/21	-1.559100E-001	-5.379600E-002	1.209800E+000	2.912900E-001	-5.407900E-002	2.620300E-001	1.405400E+000	3.739300E-001	1.973100E+000
7	09/22/21	2.083700E-001	7.267900E-001	1.069600E+000	1.455900E+000	-1.327900E-001	8.926900E-001	5.172200E-001	2.591600E-001	1.881900E+000
7	09/23/21	3.772800E-001	1.482400E+000	1.169100E+000	1.007700E+000	-1.187200E-001	7.117800E-001	9.688400E-001	1.670700E-001	1.396200E+000
7	09/24/21	1.152300E+000	2.034700E+000	1.523700E+000	3.179400E+000	-1.182000E-001	5.557300E-001	2.308300E-001	9.244200E+000	7.143800E-001
7	09/25/21	2.618000E-002	-9.891400E-004	-3.875300E-002	-2.202300E-002	6.331500E-003	-3.701200E-002	-1.873100E-001	1.914900E-003	1.267600E+000
7	09/26/21	1.648900E-002	7.743300E-003	-1.510900E-002	-1.834800E-002	5.312600E-003	-2.046600E-002	-9.158600E-002	-1.179100E-003	8.469700E-001
7	09/27/21	7.426000E-001	1.301400E+000	-1.007200E-001	2.780300E+000	-4.386700E-002	1.494400E-001	1.205400E+000	-1.046100E-001	4.449700E-001
7	09/28/21	1.682000E-001	1.549900E+000	-9.013300E-002	2.189100E+000	-2.615800E-002	1.208000E-001	9.089200E-001	-8.702700E-002	4.166800E-001
7	09/29/21	-1.339600E-001	8.836400E-001	-1.036800E-001	1.513800E+000	-1.778700E-002	2.926500E-001	1.115700E+000	2.053000E+000	7.121600E-001
7	09/30/21	-1.028800E-001	-1.529300E-001	1.050800E+000	1.648700E-001	-1.886200E-002	-1.376800E-001	1.533600E+000	3.005200E+000	1.261500E+000
7	10/01/21	-1.833000E-001	3.456400E-001	9.200100E-001	3.155500E-001	-5.923400E-002	3.037700E-001	1.540900E+000	3.662200E-001	1.002400E+000
7	10/02/21	-1.741500E-001	-2.579100E-002	6.252400E-001	1.430900E-001	-5.023200E-002	2.486400E-001	1.676700E+000	2.055900E-001	1.531000E+000
7	10/03/21	-1.584500E-001	-8.447300E-002	8.929000E-001	6.937000E-001	-5.602500E-002	2.536300E-001	1.477800E+000	4.939200E-001	1.786000E+000
7	10/04/21	-9.990000E+002	-9.990000E+002	-9.990000E+002	-9.990000E+002	-9.990000E+002	-9.990000E+002	-9.990000E+002	-9.990000E+002	-9.990000E+002
7	10/05/21	8.943800E-001	9.763100E-002	-1.681000E-001	1.427100E-001	-2.000000E-001	-2.000000E-001	3.557600E+000	3.794800E-001	6.114300E-001
7	10/06/21	7.059600E+000	5.722900E-001	4.441300E-001	7.693100E-001	8.212400E+000	-1.546700E-001	2.692700E+000	-4.075600E-002	-2.000000E-001
7	10/07/21	2.109900E+000	-5.967800E-002	-1.763500E-001	7.251900E-002	4.344000E+000	8.095100E-002	2.932600E+000	-7.392500E-002	1.225400E-001
7	10/08/21	7.826400E-003	2.191700E-001	-4.902300E-003	5.205400E-002	1.476400E-002	-1.258800E-001	3.150700E-001	-2.009700E-002	3.042300E-001
7	10/09/21	4.729000E+000	-1.318000E-001	-2.000000E-001	1.027800E+000	5.520100E+000	-1.791500E-001	3.049800E+000	-2.000000E-001	-2.000000E-001
7	10/10/21	1.829200E+000	2.118900E-001	2.199100E-001	1.530400E+000	5.746900E+000	-2.000000E-001	2.465900E+000	4.975700E-001	4.166800E-001
7	10/11/21	2.147400E+000	-2.000000E-001	-2.000000E-001	2.154800E-001	1.756300E+000	-2.000000E-001	4.319100E+000	-1.985400E-001	2.203600E-001
7	10/12/21	7.009800E-001	1.232100E-001	6.370800E-002	-2.000000E-001	-4.252700E-002	-1.082600E-001	3.760000E+000	-1.825600E-001	3.178900E-001
7	10/13/21	1.712700E+000	4.357900E-001	2.305300E-002	4.255100E-001	-9.958300E-003	-2.000000E-001	3.441900E+000	-2.000000E-001	3.562900E-001
7	10/14/21	3.500000E+000	2.633000E-001	-4.238700E-003	-2.000000E-001	4.538400E+000	-7.654700E-002	3.106000E+000	-1.742400E-001	8.471100E-002
7	10/15/21	-1.920100E-002	8.304800E-001	-1.175600E-001	6.782600E-002	1.773800E-002	-2.000000E-001	8.663600E-001	-6.714100E-002	1.276300E+000
7	10/16/21	1.732700E-002	3.557100E-003	-1.707500E-002	-1.988700E-002	5.217100E-003	-1.976400E-002	-1.058700E-001	-6.238300E-004	8.881500E-001
7	10/17/21	8.180500E-001	-2.000000E-001	-1.593500E-001	-1.974700E-001	5.304600E+000	-4.308200E-002	1.314500E+000	-1.052400E-001	9.877400E-001
7	10/18/21	6.477400E-003	2.117000E-001	-1.556600E-002	5.256100E-002	1.417400E-002	-1.286000E-001	3.467000E-001	-2.312000E-002	4.489500E-001
7	10/19/21	1.200200E+000	2.492900E-001	-1.515200E-001	-2.000000E-001	6.321100E+000	-5.461300E-002	1.737600E+000	-1.320700E-001	6.566800E-002
7	10/20/21	1.696400E+000	6.875200E-001	-1.879000E-001	3.421000E-002	7.861800E+000	-5.624900E-002	1.536500E+000	-1.307000E-001	8.369900E-002
7	10/21/21	1.256900E+000	5.342900E-001	6.845900E-002	6.745000E-002	5.063000E+000	-1.196700E-001	1.451000E+000	-1.194600E-001	5.977400E-001
7	10/22/21	2.541600E+000	7.118500E-001	9.579900E-001	-2.000000E-001	1.059600E+001	-1.054900E-001	1.398400E+000	-1.454200E-001	-2.000000E-001
7	10/23/21	2.772700E-002	2.718300E-001	4.399400E-001	-3.266700E-002	1.301300E-002	-1.909100E-001	3.320200E-001	-2.839800E-002	4.862200E-001
7	10/24/21	-2.000000E-001	1.545000E-001	-1.482800E-001	7.652800E-001	5.342600E+000	-1.041300E-001	2.021800E+000	-1.437200E-001	3.127500E-001
7	10/25/21	1.904000E-002	2.487500E-001	-1.732300E-002	5.551500E-002	1.776900E-002	-1.534800E-001	2.178300E-001	-1.528200E-002	5.349300E-001
7	10/26/21	4.661200E-001	9.978700E-002	-1.482100E-001	2.209000E-001	3.306300E+000	-2.000000E-001	2.415600E+000	1.132400E+000	2.942800E-001
7	10/27/21	-1.661300E-001	6.791800E-001	2.572900E-001	4.280400E-001	3.799700E-002	-2.000000E-001	2.944200E+000	-1.995800E-001	9.225600E-001
7	10/28/21	8.641800E-001	5.858600E-001	-2.000000E-001	-2.000000E-001	-4.247400E-003	-2.000000E-001	2.796100E+000	-1.839900E-001	1.307100E+000
7	10/29/21	1.193900E+000	8.162600E-001	2.552600E-001	-2.000000E-001	-1.994200E-002	-5.998900E-002	2.549400E+000	1.714600E-001	9.618900E-001
7	10/30/21	1.696800E-002	7.136200E-003	-1.627200E-002	-1.858900E-002	5.353500E-003	-2.117800E-002	-9.659900E-002	-1.012900E-003	8.680000E-001
7	10/31/21	2.649200E+000	1.994900E+000	-2.000000E-001	1.005000E+000	5.397900E+000	-2.000000E-001	1.660200E+000	-1.380000E-001	-2.000000E-001
